business_name,search_category,primary_category,all_categories,pincode,circle,region,division,major_offices,phone_number,website,rating,reviews_count,address,area,latitude,longitude,place_id,place_url,part_id,crawled_at,s_no
WEGASOLAR RENEWABLES PVT LTD,Solar Rooftop and Inverter Dealer,Solar Energy Company,"Solar Energy Company, Electronics manufacturer, Solar energy equipment supplier",695307,Kerala Circle,Trivandrum HQ Region,Trivandrum North Division,"Nedunganda SO, Kaikara BO",+91 62388 10541,https://www.wegasolar.in/,5.0,,"TC NO 7/1982, Ground Floor, Thulasi Avenue, Sreekariyam P O, Edavacode, Thiruvananthapuram, Keralam 695017",Edavacode,8.5544602,76.9285792,ChIJG0n-7K6_BTsRb0UBBZ91Ilw,https://www.google.com/maps/place/?q=place_id:ChIJG0n-7K6_BTsRb0UBBZ91Ilw,part_311,2026-09-20 20:17:17,2896
Topcon Energy,Solar Rooftop and Inverter Dealer,Solar Energy Company,Solar Energy Company,695307,Kerala Circle,Trivandrum HQ Region,Trivandrum North Division,"Nedunganda SO, Kaikara BO",+91 89216 73008,https://www.topconenergy.com/,4.9,,"Chenkottukonam, Thiruvananthapuram, Uliyazhathura, Keralam 695587",Chenkottukonam,8.5822121,76.90287,ChIJ50oAvDm_BTsRbAEguUXzv9Q,https://www.google.com/maps/place/?q=place_id:ChIJ50oAvDm_BTsRbAEguUXzv9Q,part_311,2026-09-20 20:17:17,2897
AADITHYA INNOVATIONS,Solar Rooftop and Inverter Dealer,Solar Energy Company,"Solar Energy Company, Electric utility company, Green energy supplier, Solar energy system service, Solar energy equipment supplier, Solar panel maintenance service, Solar photovoltaic power plant",695307,Kerala Circle,Trivandrum HQ Region,Trivandrum North Division,"Nedunganda SO, Kaikara BO",+91 97479 84800,https://www.aadithyainnovations.com/,4.9,,"Tc 56/60, SRK Building, CTO Colony, Pappanamcode, Thiruvananthapuram, Keralam 695018","CTO Colony, Pappanamcode",8.4695286,76.9817317,ChIJWwAYd2u7BTsRGeobS945w6c,https://www.google.com/maps/place/?q=place_id:ChIJWwAYd2u7BTsRGeobS945w6c,part_311,2026-09-20 20:17:17,2898
ANAND SOLAR - TATA POWER SOLAR,Solar Rooftop and Inverter Dealer,Solar Energy Company,Solar Energy Company,695307,Kerala Circle,Trivandrum HQ Region,Trivandrum North Division,"Nedunganda SO, Kaikara BO",+91 88899 97221,https://anandsolar.com/,4.8,,"Thirumala, Thiruvananthapuram, Keralam 695006",Thirumala,8.504497599999999,76.99521969999999,ChIJ25-bVWS7BTsR-Lb-pgKUKQ0,https://www.google.com/maps/place/?q=place_id:ChIJ25-bVWS7BTsR-Lb-pgKUKQ0,part_311,2026-09-20 20:17:17,2899
SEnSOL,Solar Rooftop and Inverter Dealer,Solar energy equipment supplier,"Solar energy equipment supplier, Electronics manufacturer, Energy equipment and solutions, Solar photovoltaic power plant",695307,Kerala Circle,Trivandrum HQ Region,Trivandrum North Division,"Nedunganda SO, Kaikara BO",+91 94472 22900,http://www.sensol.in/,4.9,,"Padmavilasam Rd, Fort, East Fort, Pazhavangadi, Thiruvananthapuram, Keralam 695023","Fort, East Fort, Pazhavangadi",8.484935,76.94634649999999,ChIJ52a02aC7BTsRX1BcyR1nYJY,https://www.google.com/maps/place/?q=place_id:ChIJ52a02aC7BTsRX1BcyR1nYJY,part_311,2026-09-20 20:17:17,2900
Smart Solar,Solar Rooftop and Inverter Dealer,Electric utility company,"Electric utility company, Consultant, Electrician, Solar energy system service, Solar photovoltaic power plant, Wholesaler",695307,Kerala Circle,Trivandrum HQ Region,Trivandrum North Division,"Nedunganda SO, Kaikara BO",+91 90728 31111,http://www.smartsolarglobal.com/,5.0,,"HW2V+X5J, SH 1, Kottamugal, Nalanchira, Kottamugal, Thiruvananthapuram, Keralam 695015","Kottamugal, Nalanchira, Kottamugal",8.5526438,76.9432449,ChIJD3PQcha5BTsRsLzTRoYuw2w,https://www.google.com/maps/place/?q=place_id:ChIJD3PQcha5BTsRsLzTRoYuw2w,part_311,2026-09-20 20:17:17,2901
Renergy Systems India Pvt Ltd,Solar Rooftop and Inverter Dealer,Solar Energy Company,"Solar Energy Company, Solar energy system service, Solar panel maintenance service, Solar photovoltaic power plant",695307,Kerala Circle,Trivandrum HQ Region,Trivandrum North Division,"Nedunganda SO, Kaikara BO",+91 70343 22221,https://renergyindia.com/,4.5,,"Regency Mall, Mamom Road, P.O, Mamam, Attingal, Koonthalloor, Keralam 695104","P.O, Mamam",8.6815468,76.824277,ChIJN_T4ZQjqBTsRb3bhKWrL-gg,https://www.google.com/maps/place/?q=place_id:ChIJN_T4ZQjqBTsRb3bhKWrL-gg,part_311,2026-09-20 20:17:17,2902
Kondaas,Solar Rooftop and Inverter Dealer,Solar Energy Company,Solar Energy Company,695307,Kerala Circle,Trivandrum HQ Region,Trivandrum North Division,"Nedunganda SO, Kaikara BO",+91 63791 23370,http://www.kondaas.com/,4.5,,"GX73+M69, Plammoodu, Thiruvananthapuram, Keralam 695003",Plammoodu,8.5141365,76.95309309999999,ChIJ7z7Ed5m7BTsR8qQyC42M-CE,https://www.google.com/maps/place/?q=place_id:ChIJ7z7Ed5m7BTsR8qQyC42M-CE,part_311,2026-09-20 20:17:17,2903
WattSun Energy India Pvt Ltd.,Solar Rooftop and Inverter Dealer,Solar Energy Company,Solar Energy Company,695307,Kerala Circle,Trivandrum HQ Region,Trivandrum North Division,"Nedunganda SO, Kaikara BO",+91 93881 06363,https://wattsun.in/,4.7,,"First Floor, FF Aiswarya Towers, International Airport Road, Chackai, Near Ananthapuri Hospital, Thiruvananthapuram, Keralam 695008",Eanchakkal,8.485344,76.9286626,ChIJu9-2-Wm6BTsRXblFCPhzZBA,https://www.google.com/maps/place/?q=place_id:ChIJu9-2-Wm6BTsRXblFCPhzZBA,part_311,2026-09-20 20:17:17,2904
Rudraveena Solar & Home Solutions,Solar Rooftop and Inverter Dealer,Solar Energy Company,"Solar Energy Company, Solar energy system service",695307,Kerala Circle,Trivandrum HQ Region,Trivandrum North Division,"Nedunganda SO, Kaikara BO",+91 85890 96701,https://www.rudraveenasolutions.com/,5.0,,"Near Balasubramanyaswami Temple Marthandeshwaram, Naruvamoodu, Keralam 695528",695307,8.4517838,77.0473167,ChIJAQAAQD6pBTsRRTshqpSrzn8,https://www.google.com/maps/place/?q=place_id:ChIJAQAAQD6pBTsRRTshqpSrzn8,part_311,2026-09-20 20:17:17,2905
Kathiron Solar Pvt Ltd,Solar Rooftop and Inverter Dealer,Solar Energy Company,Solar Energy Company,695307,Kerala Circle,Trivandrum HQ Region,Trivandrum North Division,"Nedunganda SO, Kaikara BO",+91 75929 11123,https://kathironsolar.com/,3.5,,"Thiruvananthapuram, Keralam 695043",695307,8.5628812,76.9501975,ChIJCRz1awa_BTsRnAoPM0vf4h8,https://www.google.com/maps/place/?q=place_id:ChIJCRz1awa_BTsRnAoPM0vf4h8,part_311,2026-09-20 20:17:17,2906
ENWISE SOLAR,Solar Rooftop and Inverter Dealer,Solar Energy Company,Solar Energy Company,695307,Kerala Circle,Trivandrum HQ Region,Trivandrum North Division,"Nedunganda SO, Kaikara BO",+91 70120 57800,https://enwisesolar.com/,5.0,,"Kattaikonam, Thiruvananthapuram, Keralam 695584",Kattaikonam,8.604392599999999,76.8978474,ChIJd8WF95e_BTsRZ0ykN15aTUw,https://www.google.com/maps/place/?q=place_id:ChIJd8WF95e_BTsRZ0ykN15aTUw,part_311,2026-09-20 20:17:17,2907
Prana Solar,Solar Rooftop and Inverter Dealer,Solar Energy Company,Solar Energy Company,695307,Kerala Circle,Trivandrum HQ Region,Trivandrum North Division,"Nedunganda SO, Kaikara BO",+91 82818 00002,http://www.pranasolar.com/,4.8,,"TC 39/913(3), Cheruvally Lane Maruthamkuzhi, PO, Sasthamangalam, Thiruvananthapuram, Keralam 695030",Sasthamangalam,8.513135499999999,76.9795369,ChIJY6IJ1ja7BTsRU_cxiYIWDK4,https://www.google.com/maps/place/?q=place_id:ChIJY6IJ1ja7BTsRU_cxiYIWDK4,part_311,2026-09-20 20:17:17,2908
Energyfox Consultants Pvt Ltd,Solar Rooftop and Inverter Dealer,Solar Energy Company,Solar Energy Company,695307,Kerala Circle,Trivandrum HQ Region,Trivandrum North Division,"Nedunganda SO, Kaikara BO",+91 95263 96823,https://energyfox.in/,4.8,,"4th Floor TC Number, Malankara Avenue, 15/4257/2, Lekshmi Nagar, Pattom, Thiruvananthapuram, Keralam 695004","Lekshmi Nagar, Pattom",8.5248116,76.9397867,ChIJ9XVPBGe5BTsRGmz5Rbgaoy0,https://www.google.com/maps/place/?q=place_id:ChIJ9XVPBGe5BTsRGmz5Rbgaoy0,part_311,2026-09-20 20:17:17,2909
Ensol Energy Solutions,Solar Rooftop and Inverter Dealer,Battery Wholesaler,"Battery Wholesaler, Electrical supply store, Hot water system supplier, Cooler Supplier",695307,Kerala Circle,Trivandrum HQ Region,Trivandrum North Division,"Nedunganda SO, Kaikara BO",+91 95260 25151,https://www.ensolkollam.com/,4.8,,"Govt High School, Kattachal Rd, opp. Chathannoor, Chathannoor, Keralam 691572",695307,8.8640391,76.7155506,ChIJla1e0vXjBTsRi_f2kwSU30c,https://www.google.com/maps/place/?q=place_id:ChIJla1e0vXjBTsRi_f2kwSU30c,part_311,2026-09-20 20:17:17,2910
TATA SOLAR KOLLAM | ARAR INTERNATIONAL,Solar Rooftop and Inverter Dealer,Solar Energy Company,Solar Energy Company,695307,Kerala Circle,Trivandrum HQ Region,Trivandrum North Division,"Nedunganda SO, Kaikara BO",+91 95628 00099,https://ararinternational.com/,4.9,,"Building No.9, 3672, Pavoorvayal, Anchalummood, Kollam, Keralam 691602",Pavoorvayal,8.9369052,76.6106365,ChIJVdmFseb9BTsR-Xuo5tVpRvw,https://www.google.com/maps/place/?q=place_id:ChIJVdmFseb9BTsR-Xuo5tVpRvw,part_311,2026-09-20 20:17:17,2911
SOLTECH POWER SOLUTIONS,Solar Rooftop and Inverter Dealer,Solar Energy Company,Solar Energy Company,695307,Kerala Circle,Trivandrum HQ Region,Trivandrum North Division,"Nedunganda SO, Kaikara BO",N/A,N/A,,,"698 C & D, ALETTY, Puliyarakonam, TRIVANDRUM, Peyad, Kerala 695573","ALETTY, Puliyarakonam",8.530507,77.02034669999999,ChIJp_L7rqW3BTsRdqhL3eBTW-A,https://www.google.com/maps/place/?q=place_id:ChIJp_L7rqW3BTsRdqhL3eBTW-A,part_311,2026-09-20 20:17:17,2912
Rooftop Solar Inverter Installation Sales Service,Solar Rooftop and Inverter Dealer,Solar energy system service,"Solar energy system service, Battery Store, Solar energy equipment supplier, Solar panel maintenance service, Solar photovoltaic power plant",695307,Kerala Circle,Trivandrum HQ Region,Trivandrum North Division,"Nedunganda SO, Kaikara BO",+91 90597 14948,https://www.tatapowersolar.com/,4.9,,"temple bust stop, hig 69, near RAo s ENT hospital, Kukatpally Housing Board Colony, K P H B Phase 3, Kukatpally, Hyderabad, Telangana 500072","Kukatpally Housing Board Colony, K P H B Phase 3, Kukatpally",17.4879422,78.3953179,ChIJ-9g1dqCRyzsRSahJW2dD1jk,https://www.google.com/maps/place/?q=place_id:ChIJ-9g1dqCRyzsRSahJW2dD1jk,part_311,2026-09-20 20:17:18,2913
SolarSquare - Solar panel installation for home - Mumbai,Solar Rooftop and Inverter Dealer,Solar Energy Company,Solar Energy Company,695307,Kerala Circle,Trivandrum HQ Region,Trivandrum North Division,"Nedunganda SO, Kaikara BO",+91 98300 03000,https://www.solarsquare.in/solar-company-in-mumbai/?utm_source=gmb&utm_medium=organic&utm_campaign=gmb_local_pack_mumbai,4.8,,"Suvidha Square, 1101-B, 11th Floor, Junction of S.V.Road, &, Caeser Road, Besides, Amboli, Mumbai, Maharashtra 400058","Besides, Amboli, Jogeshwari West",19.128004699999998,72.8469525,ChIJY7jh_tDJ5zsRIyznWXmMwL0,https://www.google.com/maps/place/?q=place_id:ChIJY7jh_tDJ5zsRIyznWXmMwL0,part_311,2026-09-20 20:17:18,2914
Evergreen Solar,Solar Rooftop and Inverter Dealer,Solar Energy Company,"Solar Energy Company, Solar energy system service, Solar energy equipment supplier, Solar hot water system supplier, Solar panel maintenance service, Solar photovoltaic power plant",695307,Kerala Circle,Trivandrum HQ Region,Trivandrum North Division,"Nedunganda SO, Kaikara BO",+91 70748 33525,https://evergreensolar.co.in/,4.5,,"MCGP+8GX, Nabajiban Colony, Naba Jiban, Birati, North Dumdum, Kolkata, West Bengal 700158","Nabajiban Colony, Naba Jiban, Birati",22.6758496,88.4362986,ChIJDapUEvix-DkRDuoWzLeFzHU,https://www.google.com/maps/place/?q=place_id:ChIJDapUEvix-DkRDuoWzLeFzHU,part_311,2026-09-20 20:17:18,2915
POWERLINK SOLUTIONS,Solar Rooftop and Inverter Dealer,Solar Energy Company,Solar Energy Company,695307,Kerala Circle,Trivandrum HQ Region,Trivandrum North Division,"Nedunganda SO, Kaikara BO",+91 99950 13314,N/A,,,"TC 52/3137(5), Ground Floor, TN Tower, Viswambharan Road, Kaimanam Vivek Nagar Residential Association, Pappanamcode, Thiruvananthapuram, Keralam 695018","Kaimanam Vivek Nagar Residential Association, Pappanamcode",8.466961,76.98017469999999,ChIJpZURdQC7BTsRZO_NJoW5RxQ,https://www.google.com/maps/place/?q=place_id:ChIJpZURdQC7BTsRZO_NJoW5RxQ,part_311,2026-09-20 20:17:19,2916
Raygen Power,Solar Rooftop and Inverter Dealer,Solar Energy Company,Solar Energy Company,695307,Kerala Circle,Trivandrum HQ Region,Trivandrum North Division,"Nedunganda SO, Kaikara BO",+91 82813 32789,https://raygenpower.in/index.php,,,"NAMBIMADATHIL, THITTAMANGALAM, TC 41, Thiruvananthapuram, 963-1, PO, Vattiyoorkavu, PO, Thiruvananthapuram, Keralam 695013","Vattiyoorkavu, PO",8.524137099999999,76.9881752,ChIJu1sa8ri7BTsRu7BaNEeU-aE,https://www.google.com/maps/place/?q=place_id:ChIJu1sa8ri7BTsRu7BaNEeU-aE,part_311,2026-09-20 20:17:19,2917
Hive Solar Power Solutions Pvt Ltd,Solar Rooftop and Inverter Dealer,Solar energy equipment supplier,"Solar energy equipment supplier, Battery Store, Electrical equipment supplier, Solar Energy Company, Solar energy system service",695308,Kerala Circle,Trivandrum HQ Region,Trivandrum North Division,Vakkom SO,+91 94473 40666,https://www.hivesolar.com/,4.8,,"GNA 8, Opposite Cotton Hill LP School, Cotton Hill, Vazhuthacaud, Thiruvananthapuram, Keralam 695014","Cotton Hill, Vazhuthacaud",8.5017249,76.96329639999999,ChIJM2wVKrW7BTsR_RbDvKpsaqg,https://www.google.com/maps/place/?q=place_id:ChIJM2wVKrW7BTsR_RbDvKpsaqg,part_311,2026-09-20 20:18:07,6537
Comorin Solar -- Solar Installation Company,Solar Rooftop and Inverter Dealer,Solar Energy Company,"Solar Energy Company, Electronics manufacturer, Engineering consultant, Solar energy system service, Solar energy equipment supplier, Solar photovoltaic power plant",695308,Kerala Circle,Trivandrum HQ Region,Trivandrum North Division,Vakkom SO,+91 96331 59523,http://comorinsolar.com/,4.8,,"TC 6/3412, Koodu Buildings, Junction, Kochulloor, Ulloor, Thiruvananthapuram, Keralam 695011","Kochulloor, Ulloor",8.533015899999999,76.9290643,ChIJY-5Afw25BTsRu-T3QngU20o,https://www.google.com/maps/place/?q=place_id:ChIJY-5Afw25BTsRu-T3QngU20o,part_311,2026-09-20 20:18:07,6538
Ongrid Solar Power Solutions,Solar Rooftop and Inverter Dealer,Solar Energy Company,Solar Energy Company,695308,Kerala Circle,Trivandrum HQ Region,Trivandrum North Division,Vakkom SO,+91 75949 49406,https://ongridsolarpowersolutions.com/,5.0,,"TC 37/2604(6, SHINI TOWER, KODUNGANOOR PO, Vattiyoorkavu, Thiruvananthapuram, Keralam 695013","Vattiyoorkavu, Kulasekharam",8.5251839,77.0021586,ChIJAyiIlfS_BTsRuV7fKvIYd7o,https://www.google.com/maps/place/?q=place_id:ChIJAyiIlfS_BTsRuV7fKvIYd7o,part_311,2026-09-20 20:18:07,6539
SOLAR CONNECT,Solar Rooftop and Inverter Dealer,Solar Energy Company,"Solar Energy Company, Battery Manufacturer, Energy equipment and solutions, Engineering consultant, Solar energy system service, Solar energy equipment supplier, Solar panel maintenance service, Solar photovoltaic power plant",695308,Kerala Circle,Trivandrum HQ Region,Trivandrum North Division,Vakkom SO,+91 62388 10550,http://www.solarconnect.co.in/,4.7,,"Near Technopark Side Gate Mulluvila, Jn, Nila Nagar Rd, Kazhakuttam, P.O, Thiruvananthapuram, Keralam 695582","Kazhakuttam, P.O",8.561055999999999,76.8787139,ChIJC3AMS-S7BTsRGqWeK2abs_8,https://www.google.com/maps/place/?q=place_id:ChIJC3AMS-S7BTsRGqWeK2abs_8,part_311,2026-09-20 20:18:07,6540
SUN LIFE TRADERS LLP,Solar Rooftop and Inverter Dealer,Solar Energy Company,"Solar Energy Company, Import export company, Solar energy system service, Solar energy equipment supplier",695308,Kerala Circle,Trivandrum HQ Region,Trivandrum North Division,Vakkom SO,+91 70102 83437,http://www.sunlifetraders.com/,4.8,,"PP IX/372-1, Plamoodu, junction, Pothencode - Powdikonam Rd, Thiruvananthapuram, Keralam 695584",Plamoodu,8.6135779,76.9030107,ChIJKy1SP2HBBTsRjWjTYQGiNaQ,https://www.google.com/maps/place/?q=place_id:ChIJKy1SP2HBBTsRjWjTYQGiNaQ,part_311,2026-09-20 20:18:07,6541
Chirayil Solar Power Tech,Solar Rooftop and Inverter Dealer,Solar Energy Company,"Solar Energy Company, Association / Organization",695308,Kerala Circle,Trivandrum HQ Region,Trivandrum North Division,Vakkom SO,+91 97788 05529,https://vguardsolartvm.com/,4.8,,"6th shop, Mallika Vilas Building, near SBI Bank, Nalanchira, Paruthippara, Thiruvananthapuram, Keralam 695015","Nalanchira, Paruthippara",8.544683299999999,76.94438319999999,ChIJ8ekOoVO5BTsRmmexbDIjoNE,https://www.google.com/maps/place/?q=place_id:ChIJ8ekOoVO5BTsRmmexbDIjoNE,part_311,2026-09-20 20:18:07,6542
Zian Solar & Electricals,Solar Rooftop and Inverter Dealer,Solar energy equipment supplier,"Solar energy equipment supplier, Battery Wholesaler, Power plant consultant",695308,Kerala Circle,Trivandrum HQ Region,Trivandrum North Division,Vakkom SO,+91 96337 17639,https://ziansolar.com/,4.8,,"Near St. Augustin Church, Santhinagar Sankaramugham, Vellanad P O 695543, Vellanad, Keralam 695543",695308,8.569106099999999,77.0309256,ChIJK__Vjce3BTsRj-JETIPpRoA,https://www.google.com/maps/place/?q=place_id:ChIJK__Vjce3BTsRj-JETIPpRoA,part_311,2026-09-20 20:18:07,6543
Allsun nature - Thiruvananthapuram,Solar Rooftop and Inverter Dealer,Solar Energy Company,Solar Energy Company,695308,Kerala Circle,Trivandrum HQ Region,Trivandrum North Division,Vakkom SO,+91 75109 29000,https://www.allsunenergy.co.in/,5.0,,"Law College Rd, near Anert, University of Kerala Senate House Campus, Palayam, Thiruvananthapuram, Keralam 695033","University of Kerala Senate House Campus, Palayam",8.508621699999999,76.9454367,ChIJcakzQ8O7BTsRjPnx8TGpnm0,https://www.google.com/maps/place/?q=place_id:ChIJcakzQ8O7BTsRjPnx8TGpnm0,part_311,2026-09-20 20:18:07,6544
LightSky | Solar On-Grid solution,Solar Rooftop and Inverter Dealer,Solar Energy Company,"Solar Energy Company, Solar energy system service, Solar energy equipment supplier, Solar hot water system supplier",695308,Kerala Circle,Trivandrum HQ Region,Trivandrum North Division,Vakkom SO,+91 73562 13562,https://lightskyinternational.com/,4.1,,"TC 16/1853(1), Sreerudram, near junction, DPI, Jagathy, Thiruvananthapuram, Keralam 695014","DPI, Jagathy",8.4949398,76.9635073,ChIJx7aP3I-7BTsRBM5bUlg9Kfc,https://www.google.com/maps/place/?q=place_id:ChIJx7aP3I-7BTsRBM5bUlg9Kfc,part_311,2026-09-20 20:18:07,6545
Power Plant Systems,Solar Rooftop and Inverter Dealer,Solar Energy Company,"Solar Energy Company, Electronics manufacturer",695308,Kerala Circle,Trivandrum HQ Region,Trivandrum North Division,Vakkom SO,+91 94477 08051,N/A,4.7,,"Sasthamangalam, Vattiyurkavu Road, near Sreekrishna swami Temple, Kanjirampara, Thiruvananthapuram, Keralam 695030",Kanjirampara,8.520662699999999,76.9794678,ChIJL2_NLiS6BTsRFnyn_xjMtLA,https://www.google.com/maps/place/?q=place_id:ChIJL2_NLiS6BTsRFnyn_xjMtLA,part_311,2026-09-20 20:18:07,6546
Lumenergy Innovations Pvt Ltd,Solar Rooftop and Inverter Dealer,Solar Energy Company,Solar Energy Company,695308,Kerala Circle,Trivandrum HQ Region,Trivandrum North Division,Vakkom SO,+91 80890 00899,https://lumenergy.in/,5.0,,"Janakivilas, Kuthiravattom Line, Ayurveda College W Ln, Thiruvananthapuram, Keralam 695035","Kunnumpuram, Vanchiyoor",8.4893172,76.94359589999999,ChIJzRkotdKlBTsRXlbxuD_BQqo,https://www.google.com/maps/place/?q=place_id:ChIJzRkotdKlBTsRXlbxuD_BQqo,part_311,2026-09-20 20:18:07,6547
Adithya Apn Solar Energy,Solar Rooftop and Inverter Dealer,Solar Energy Company,Solar Energy Company,695308,Kerala Circle,Trivandrum HQ Region,Trivandrum North Division,Vakkom SO,+91 81368 67712,https://adithyaapnsolarenergy.in/,5.0,,"TC-28/2129-2, Ganesh Bhavan, 29 B, Elankom Nagar, DPI, Thycaud, Thiruvananthapuram, Keralam 695014","Elankom Nagar, DPI, Thycaud",8.4951023,76.9587105,ChIJlTnQrxW7BTsRlVVXbjWo_gE,https://www.google.com/maps/place/?q=place_id:ChIJlTnQrxW7BTsRlVVXbjWo_gE,part_311,2026-09-20 20:18:08,6548
NOVO ENERGY SOLUTIONS,Solar Rooftop and Inverter Dealer,Solar Energy Company,"Solar Energy Company, Security system supplier, Solar energy system service, Solar energy equipment supplier, Solar hot water system supplier, Solar photovoltaic power plant",695309,Kerala Circle,Trivandrum HQ Region,Trivandrum North Division,"Anjengo SO, Poothura BO",+91 94965 84258,http://www.novoenergysolutions.in/,5.0,186.0,"22/527/A, Koottikkada P. O, Thattamala, Kollam, Keralam 691020","Thattamala, Koottikada",8.854736899999999,76.63770339999999,ChIJ5W1dwZj7BTsRXJjaT5YV2v0,https://www.google.com/maps/place/?q=place_id:ChIJ5W1dwZj7BTsRXJjaT5YV2v0,part_311,2026-09-20 20:18:56,8296
Sunlife Energies,Solar Rooftop and Inverter Dealer,Solar energy equipment supplier,Solar energy equipment supplier,695309,Kerala Circle,Trivandrum HQ Region,Trivandrum North Division,"Anjengo SO, Poothura BO",+91 94896 01972,http://sunlifeenergies.com/,5.0,,"Near, EEC Market, Nedumangad, Keralam 695541",695309,8.6002115,77.0007961,ChIJc5l4oka5BTsRih769hoQLRI,https://www.google.com/maps/place/?q=place_id:ChIJc5l4oka5BTsRih769hoQLRI,part_311,2026-09-20 20:18:57,8297
Voltex Energy Conversions,Solar Rooftop and Inverter Dealer,Wholesaler,Wholesaler,695309,Kerala Circle,Trivandrum HQ Region,Trivandrum North Division,"Anjengo SO, Poothura BO",N/A,N/A,,,"TC 51, Indralayam Shopping, Estate Junction, 2797(8, Vishnu Nagar, Pappanamcode, Thiruvananthapuram, Kerala 695019","Vishnu Nagar, Pappanamcode",8.4666233,76.9891761,ChIJIe5zk5S6BTsRjhHZ6QB3ZN4,https://www.google.com/maps/place/?q=place_id:ChIJIe5zk5S6BTsRjhHZ6QB3ZN4,part_311,2026-09-20 20:18:57,8298
V-GUARD (Kerala Distributor),Solar Rooftop and Inverter Dealer,Solar Energy Company,Solar Energy Company,695310,Kerala Circle,Trivandrum HQ Region,Trivandrum North Division,"Ayroorvarkala SO, Elakamon BO, Elakamonkizhakkepuram BO",+91 97454 51234,N/A,5.0,,"2GJV+F99, Kuttivattam Karunagappally, near Family Court, Karunagappally, Mulamkadakam, Kuttivattom, Vadakkumthala, Keralam 690536","Karunagappally, Mulamkadakam",9.0311524,76.5434898,ChIJT4wYhP4DBjsRU4n3JL2VHfI,https://www.google.com/maps/place/?q=place_id:ChIJT4wYhP4DBjsRU4n3JL2VHfI,part_311,2026-09-20 20:19:43,9922
SolarTech - Premier Solar Energy Company & Solar Panel Provider,Solar Rooftop and Inverter Dealer,Solar Energy Company,"Solar Energy Company, Battery Wholesaler, Electronics manufacturer, Solar energy system service, Solar energy equipment supplier, Solar hot water system supplier, Solar panel maintenance service, Solar photovoltaic power plant",695310,Kerala Circle,Trivandrum HQ Region,Trivandrum North Division,"Ayroorvarkala SO, Elakamon BO, Elakamonkizhakkepuram BO",+91 93877 07733,https://solartechind.com/,4.7,,"2/534, Pathanipadam Tower, Chengolapadam, Chottanikkara Mulanthuruthy Rd, Mulanthuruthy, Keralam 682314",695310,9.9098971,76.38790469999999,ChIJAQAAQAXppzsRLofw5qkuPnU,https://www.google.com/maps/place/?q=place_id:ChIJAQAAQAXppzsRLofw5qkuPnU,part_311,2026-09-20 20:19:43,9923
sky solar power (Distributor),Solar Rooftop and Inverter Dealer,Solar energy equipment supplier,"Solar energy equipment supplier, Battery Store, Battery Wholesaler, Solar Energy Company, Solar hot water system supplier",695310,Kerala Circle,Trivandrum HQ Region,Trivandrum North Division,"Ayroorvarkala SO, Elakamon BO, Elakamonkizhakkepuram BO",+91 95984 27960,http://homesolargreenenergy.com/,4.9,,"SH 74, Akhari, Uttar Pradesh 221011",695310,25.245991999999998,82.9517199,ChIJecppEfAzjjkREPEB04RGZqs,https://www.google.com/maps/place/?q=place_id:ChIJecppEfAzjjkREPEB04RGZqs,part_311,2026-09-20 20:19:45,9924
Shree Solar Innovation,Solar Rooftop and Inverter Dealer,Solar energy equipment supplier,"Solar energy equipment supplier, Energy equipment and solutions, Solar Energy Company, Solar energy system service, Solar hot water system supplier",695311,Kerala Circle,Trivandrum HQ Region,Trivandrum North Division,"Edava SO, Kappil BO, Odayam BO",+91 91660 29222,https://shreeforsolar.in/,5.0,,"Loharu - Sikar Rd, near F.C.I. Godam, Parjapat Colony, Kissan Colony, Jhunjhunu, Khidadsar (Puraya Ki Dhani), Rajasthan 333001","Parjapat Colony, Kissan Colony",28.1027162,75.38022099999999,ChIJqRA6E_A5EzkRVihC2vs8ehY,https://www.google.com/maps/place/?q=place_id:ChIJqRA6E_A5EzkRVihC2vs8ehY,part_311,2026-09-20 20:20:33,11268
SuryaKiran Solar,Solar Rooftop and Inverter Dealer,Solar Energy Company,"Solar Energy Company, Repair service, Solar energy system service, Solar energy equipment supplier, Solar hot water system supplier",695311,Kerala Circle,Trivandrum HQ Region,Trivandrum North Division,"Edava SO, Kappil BO, Odayam BO",+91 76201 84846,http://www.suryakiransolar.com/,4.9,,"468A, Ramwadi, Ganeshpeth Colony, Nagpur, Maharashtra 440032","Ramwadi, Ganeshpeth Colony",21.1402187,79.1028426,ChIJ4eyboEvB1DsRQMtGg89K-P8,https://www.google.com/maps/place/?q=place_id:ChIJ4eyboEvB1DsRQMtGg89K-P8,part_311,2026-09-20 20:20:33,11269
Bharat Energy & Trading Co.,Solar Rooftop and Inverter Dealer,Solar Energy Company,Solar Energy Company,695311,Kerala Circle,Trivandrum HQ Region,Trivandrum North Division,"Edava SO, Kappil BO, Odayam BO",+91 88598 51741,https://bharatsolarenergy.in/,4.6,,"SOLAR MART, Krishna Murari Tower, Pilikothi, Haldwani, Uttarakhand 263139",Pilikothi,29.2193407,79.5130609,ChIJM0SADECboDkR5_psYUnCE4Q,https://www.google.com/maps/place/?q=place_id:ChIJM0SADECboDkR5_psYUnCE4Q,part_311,2026-09-20 20:20:33,11270
SolarOhms Renewable Energy,Solar Rooftop and Inverter Dealer,Solar Energy Company,"Solar Energy Company, Battery Store, Electrical supply store, Electronics Company, Electronics manufacturer, Energy supplier, Security system installation service, Security system supplier, Solar photovoltaic power plant",695311,Kerala Circle,Trivandrum HQ Region,Trivandrum North Division,"Edava SO, Kappil BO, Odayam BO",+91 98446 13486,https://www.solarohms.com/,4.9,,"Vrindavanam, 4th Cross Road, #38, Oil Mill Rd, Lingarajapuram, Bengaluru, Karnataka 560084","Peace Layout, Lingarajapuram",13.01282,77.6290952,ChIJkRxMP-AWrjsRGGrL6AgtYCA,https://www.google.com/maps/place/?q=place_id:ChIJkRxMP-AWrjsRGGrL6AgtYCA,part_311,2026-09-20 20:20:34,11271
Enermass Power Solutions Pvt. Ltd,Solar Rooftop and Inverter Dealer,Solar energy system service,Solar energy system service,695311,Kerala Circle,Trivandrum HQ Region,Trivandrum North Division,"Edava SO, Kappil BO, Odayam BO",+91 90379 90003,https://www.enermass.in/,3.5,42.0,"First Floor, AVM Complex, Chirangara Koratty Post, Thrissur, Keralam 680308",Chirangara,10.2533883,76.36689489999999,ChIJu6GsD2sBCDsR5ipGX8BFvhg,https://www.google.com/maps/place/?q=place_id:ChIJu6GsD2sBCDsR5ipGX8BFvhg,part_311,2026-09-20 20:20:35,11272
Peaktron Power Solutions,Solar Rooftop and Inverter Dealer,Solar energy system service,"Solar energy system service, Battery Store, Battery Wholesaler, Electronics manufacturer, Solar energy equipment supplier, Solar photovoltaic power plant",695312,Kerala Circle,Trivandrum HQ Region,Trivandrum North Division,"Melvettoor SO, Vettoor BO",+91 73060 84047,https://www.peaktronpower.com/,4.9,,"North, Siraj Nagar, Edathala, Aluva, Keralam 683561","Siraj Nagar, Edathala",10.0756123,76.3695556,ChIJq1N8220JCDsR6VDenMTeF0c,https://www.google.com/maps/place/?q=place_id:ChIJq1N8220JCDsR6VDenMTeF0c,part_311,2026-09-20 20:21:22,12113
BODHIE SOLAR,Solar Rooftop and Inverter Dealer,Solar Energy Company,"Solar Energy Company, Energy equipment and solutions, Solar energy system service, Solar hot water system supplier, Solar panel maintenance service, Solar photovoltaic power plant",695313,Kerala Circle,Trivandrum HQ Region,Trivandrum North Division,"Kudavur SO, Manjamala BO",N/A,https://bodhiesolar.com/,5.0,,"Sivakripa, 25, 180/2, Mukkolakkal Rd, Kulavikonam, Road, Nedumangad, Keralam 695541","Kulavikonam, Road",8.6004648,77.0064182,ChIJz90oyUW7BTsRTVALP7H6KKk,https://www.google.com/maps/place/?q=place_id:ChIJz90oyUW7BTsRTVALP7H6KKk,part_311,2026-09-20 20:22:11,13228
G M Power Solutions,Solar Rooftop and Inverter Dealer,Solar energy system service,"Solar energy system service, Battery Manufacturer, Battery Store, Battery Wholesaler, Electronics manufacturer, Solar hot water system supplier, Solar photovoltaic power plant",695313,Kerala Circle,Trivandrum HQ Region,Trivandrum North Division,"Kudavur SO, Manjamala BO",+91 97464 90550,https://gmpowersolutions.com/,5.0,,"Ground Floor, Tayis Tower, LNCP Road, Karyavattom, Thiruvananthapuram, Keralam 695581",Karyavattom,8.5692635,76.890511,ChIJ4cLha3C_BTsRno2UQEO75mY,https://www.google.com/maps/place/?q=place_id:ChIJ4cLha3C_BTsRno2UQEO75mY,part_311,2026-09-20 20:22:11,13229
Battery Palace & Solar Power Systems,Solar Rooftop and Inverter Dealer,Battery Wholesaler,Battery Wholesaler,695313,Kerala Circle,Trivandrum HQ Region,Trivandrum North Division,"Kudavur SO, Manjamala BO",+91 94471 32075,N/A,4.4,39.0,"medical College P O, NH47, opp. federal bank, Pongumoodu, Thiruvananthapuram, Keralam 695011",Pongumoodu,8.5386653,76.9259246,ChIJleOXH5i5BTsRdedxM9XB_Nw,https://www.google.com/maps/place/?q=place_id:ChIJleOXH5i5BTsRdedxM9XB_Nw,part_311,2026-09-20 20:22:11,13230
EcoSolar Energy Solutions,Solar Rooftop and Inverter Dealer,Solar Energy Company,Solar Energy Company,695316,Kerala Circle,Trivandrum HQ Region,Trivandrum North Division,Pallipuram SO Thiruvananthapuram,+91 85909 03699,https://ecosolarenergysolutions.in/,5.0,28.0,"FXH3+VH6, Aryasala, Valiyasalai, Thiruvananthapuram, Keralam 695009","Aryasala, Valiyasalai",8.4796879,76.9539008,ChIJM6YECgC7BTsRla6oDdtgXcg,https://www.google.com/maps/place/?q=place_id:ChIJM6YECgC7BTsRla6oDdtgXcg,part_311,2026-09-20 20:23:00,14527
POURNAMI ENERGY SOLUTIONS,Solar Rooftop and Inverter Dealer,Solar Energy Company,"Solar Energy Company, Battery Store, Battery Wholesaler, Electronics store, Electric generator shop, Lighting products wholesaler, Solar energy equipment supplier, Solar hot water system supplier",695316,Kerala Circle,Trivandrum HQ Region,Trivandrum North Division,Pallipuram SO Thiruvananthapuram,+91 94960 35891,http://www.pournamienergysolutions.com/,4.7,,"Vyapara Bhavan Building, Madhava Jn, NH 66, Haripad, Keralam 690514",695316,9.281279099999999,76.4533924,ChIJWfjE-ACgCDsRVyVZwXe-990,https://www.google.com/maps/place/?q=place_id:ChIJWfjE-ACgCDsRVyVZwXe-990,part_311,2026-09-20 20:23:01,14528
Shakti Sales Corporation,Solar Rooftop and Inverter Dealer,Solar energy equipment supplier,"Solar energy equipment supplier, Solar Energy Company",695317,Kerala Circle,Trivandrum HQ Region,Trivandrum North Division,Thonnakkal SO,+91 94352 19200,https://shaktisales.co.in/,4.9,53.0,"Ground Floor, Narbada Building, Chatribari Rd, Tokobari Satra, Guwahati, Assam 781008",Tokobari Satra,26.1780255,91.7449146,ChIJiQZVIINbWjcRbxbpQmLpZK8,https://www.google.com/maps/place/?q=place_id:ChIJiQZVIINbWjcRbxbpQmLpZK8,part_311,2026-09-20 20:23:49,16237
"Sati Agency (Luminous Solar, Inverter, Battery & Stabilizer Distributor)",Solar Rooftop and Inverter Dealer,Solar energy equipment supplier,"Solar energy equipment supplier, Battery Manufacturer, Electronics manufacturer, Solar Energy Company",695317,Kerala Circle,Trivandrum HQ Region,Trivandrum North Division,Thonnakkal SO,+91 93309 02021,http://www.9330902019.com/,4.8,12.0,"2nd Floor, Room No 203, Kamalalaya Centre, 156 A, Lenin Sarani Rd, Esplanade, Chandni Chawk, Bowbazar, Kolkata, West Bengal 700072","Esplanade, Chandni Chawk, Bowbazar",22.563729,88.35745899999999,ChIJOxRdCSN3AjoRIBdLBZJ_qyw,https://www.google.com/maps/place/?q=place_id:ChIJOxRdCSN3AjoRIBdLBZJ_qyw,part_311,2026-09-20 20:23:49,16238
Nandini Energy,Solar Rooftop and Inverter Dealer,Solar Energy Company,"Solar Energy Company, Manufacturer",695317,Kerala Circle,Trivandrum HQ Region,Trivandrum North Division,Thonnakkal SO,+91 80119 51958,https://www.nandinienergy.net/,4.8,31.0,"Nawagaon Nawagaon, Garchuk - Pamohi Rd, GARCHUK, Gog, Guwahati, Assam 781035",GARCHUK,26.100842699999998,91.7174562,ChIJcRZV8JFYWjcRjO5NKKVAIYA,https://www.google.com/maps/place/?q=place_id:ChIJcRZV8JFYWjcRjO5NKKVAIYA,part_311,2026-09-20 20:23:49,16239
Amdi Enterprises,Solar Rooftop and Inverter Dealer,Solar Energy Company,"Solar Energy Company, Solar energy system service, Solar energy equipment supplier, Solar panel maintenance service",695317,Kerala Circle,Trivandrum HQ Region,Trivandrum North Division,Thonnakkal SO,+91 80762 74063,N/A,4.9,125.0,"Block B, Sector 53, Noida, Uttar Pradesh 201301","Block B, Sector 53",28.5896962,77.3657453,ChIJnW51dATlDDkRhycTi6L8Igw,https://www.google.com/maps/place/?q=place_id:ChIJnW51dATlDDkRhycTi6L8Igw,part_311,2026-09-20 20:23:49,16240
JETSON SOLAR TECHNOLOGIES,Solar Rooftop and Inverter Dealer,Solar energy equipment supplier,"Solar energy equipment supplier, Solar Energy Company, Solar photovoltaic power plant",695317,Kerala Circle,Trivandrum HQ Region,Trivandrum North Division,Thonnakkal SO,+91 70143 27530,https://jetsonsolar.in/,5.0,36.0,"B-77,M.D road, Anand Puri Marg, opp. Naila House, Adarsh Nagar, Jaipur, Rajasthan 302004","Manvi Ji Ka Bagh, Fateh Tibba, Adarsh Nagar",26.9034864,75.8223634,ChIJn2OMIym3bTkRm3cl3sQ6otE,https://www.google.com/maps/place/?q=place_id:ChIJn2OMIym3bTkRm3cl3sQ6otE,part_311,2026-09-20 20:23:49,16241
Vsole Solar Energy Pvt. Ltd. | Head Office,Solar Rooftop and Inverter Dealer,Solar Energy Company,Solar Energy Company,695317,Kerala Circle,Trivandrum HQ Region,Trivandrum North Division,Thonnakkal SO,+91 75758 81414,http://www.vsolesolar.com/,4.3,426.0,"2, Anthem Business Park-1, Vesu Canal Rd, near Nayara Petrol Pump, Simada Gam, Kosmada, Surat, Gujarat 395013",Simada Gam,21.2138039,72.9094057,ChIJz_2poVNF4DsRRPlZPhQfQck,https://www.google.com/maps/place/?q=place_id:ChIJz_2poVNF4DsRRPlZPhQfQck,part_311,2026-09-20 20:23:49,16242
NEW BRIGHT SOLAR ENTERPRISES,Solar Rooftop and Inverter Dealer,Wholesaler,Wholesaler,695317,Kerala Circle,Trivandrum HQ Region,Trivandrum North Division,Thonnakkal SO,+91 97205 41666,N/A,5.0,24.0,"Dharampur, Bhojpur, Bhojpur Dharampur, Uttar Pradesh 244402",Dharampur,28.9521221,78.8326635,ChIJt_dxthxXCjkRabCcsRQTAGQ,https://www.google.com/maps/place/?q=place_id:ChIJt_dxthxXCjkRabCcsRQTAGQ,part_311,2026-09-20 20:23:49,16243
Sinewave Energy Saver Pvt Ltd,Solar Rooftop and Inverter Dealer,Battery Store,"Battery Store, Battery Wholesaler",695317,Kerala Circle,Trivandrum HQ Region,Trivandrum North Division,Thonnakkal SO,+91 93144 20618,https://www.sinewaveindia.com/,4.7,22.0,"plot no E, 788-789, Awadhpuri, near Ram Mandir, opp. Police Headquarter, Satya Vihar, Krishna Nagar I, Lalkothi, Jaipur, Jaipur Nagar Nigam Area, Rajasthan 302015","Satya Vihar, Krishna Nagar I, Lalkothi",26.887446999999998,75.8003456,ChIJXxGjsaK1bTkRD6SAAGoJ4VI,https://www.google.com/maps/place/?q=place_id:ChIJXxGjsaK1bTkRD6SAAGoJ4VI,part_311,2026-09-20 20:23:49,16244
Pronounce Solar | Pronounce Sunhealth Services Pvt Ltd,Solar Rooftop and Inverter Dealer,Solar Energy Company,"Solar Energy Company, Solar energy system service, Solar energy equipment supplier",695317,Kerala Circle,Trivandrum HQ Region,Trivandrum North Division,Thonnakkal SO,+91 83686 03894,https://pronouncesolar.in/,4.7,165.0,"First Floor, Plot No 30, Masoodpur Dairy, near JIMS, Vasant Kunj, New Delhi, Delhi 110070","Masoodpur, Sector B, Vasant Kunj",28.528717399999998,77.1505494,ChIJFZqfcPAfDTkRrwA2OChbZHM,https://www.google.com/maps/place/?q=place_id:ChIJFZqfcPAfDTkRrwA2OChbZHM,part_311,2026-09-20 20:23:49,16245
Patel Solar Tech Pvt. Ltd.,Solar Rooftop and Inverter Dealer,Electric utility company,Electric utility company,695317,Kerala Circle,Trivandrum HQ Region,Trivandrum North Division,Thonnakkal SO,N/A,https://patsol.in/,4.9,374.0,"2nd floor, 205, PATSOL, trinity orion, near vijya laxmi hall, Vesu, Surat, Gujarat 395007",Vesu,21.1463219,72.772294,ChIJEWTv4ItN4DsR-YgCgL4oOww,https://www.google.com/maps/place/?q=place_id:ChIJEWTv4ItN4DsR-YgCgL4oOww,part_311,2026-09-20 20:23:49,16246
Jyoty Solar power,Solar Rooftop and Inverter Dealer,Solar energy equipment supplier,"Solar energy equipment supplier, Electric utility company, Lighting store, Solar Energy Company",695317,Kerala Circle,Trivandrum HQ Region,Trivandrum North Division,Thonnakkal SO,+91 90380 62758,http://www.jyotysolarpower.com/,4.2,57.0,"Brindabon Apartment, 17, Kalicharan Dutta Rd, Natunpara, Basudevpur Colony, Behala, Kolkata, West Bengal 700061","Natunpara, Basudevpur Colony, Behala",22.482867,88.306755,ChIJceJPGxVxAjoR7gI8dIne8cc,https://www.google.com/maps/place/?q=place_id:ChIJceJPGxVxAjoR7gI8dIne8cc,part_311,2026-09-20 20:23:49,16247
Radiance Technology Private Limited,Solar Rooftop and Inverter Dealer,Solar Energy Company,Solar Energy Company,695317,Kerala Circle,Trivandrum HQ Region,Trivandrum North Division,Thonnakkal SO,+91 91757 47372,http://www.radiancetechnology.com/,4.0,5.0,"Neelkanth Palms, Kapurbawdi, Thane West, Thane, Maharashtra 400601","Kapurbawdi, Thane West",19.2206732,72.97545509999999,ChIJJ8mJ38WZ5zsRCJIPxbVoyko,https://www.google.com/maps/place/?q=place_id:ChIJJ8mJ38WZ5zsRCJIPxbVoyko,part_311,2026-09-20 20:23:49,16248
Heaven Green Energy Ltd,Solar Rooftop and Inverter Dealer,Solar Energy Company,Solar Energy Company,695317,Kerala Circle,Trivandrum HQ Region,Trivandrum North Division,Thonnakkal SO,+91 63904 05060,https://www.heavengreenenergy.com/,4.8,457.0,"Anupam square, 201, Mahadev Chowk, Pramukh Park, Mota Varachha, Surat, Gujarat 394101","Pramukh Park, Mota Varachha",21.236968299999997,72.88415049999999,ChIJb84R-kRP4DsR_u0h8AHwl84,https://www.google.com/maps/place/?q=place_id:ChIJb84R-kRP4DsR_u0h8AHwl84,part_311,2026-09-20 20:23:49,16249
ZERO BILL SOLAR ENERGY,Solar Rooftop and Inverter Dealer,Solar Energy Company,Solar Energy Company,695317,Kerala Circle,Trivandrum HQ Region,Trivandrum North Division,Thonnakkal SO,+91 95485 95485,N/A,4.6,151.0,"Shree Kanhaiya Mansion, A-12, Nursery Cir, opposite HDFC Bank, Acharya Vinoba Bhave Nagar, B Block, Vaishali Nagar, Jaipur, Jaipur Nagar Nigam Area, Rajasthan 302021","Acharya Vinoba Bhave Nagar, B Block, Vaishali Nagar",26.911188499999998,75.7365844,ChIJkxLBLAC1bTkRI__vVeCyJT4,https://www.google.com/maps/place/?q=place_id:ChIJkxLBLAC1bTkRI__vVeCyJT4,part_311,2026-09-20 20:23:49,16250
SMS Enterprise,Solar Rooftop and Inverter Dealer,Solar Energy Company,"Solar Energy Company, Solar energy system service, Solar panel maintenance service, Solar photovoltaic power plant",695317,Kerala Circle,Trivandrum HQ Region,Trivandrum North Division,Thonnakkal SO,+91 70167 59535,https://sms-enterprise.com/,5.0,92.0,"Sun Trade Centre, 328, Rander Rd, opposite Walk Way, Ramnagar, Sima Nagar, Surat, Gujarat 395005","Ramnagar, Sima Nagar",21.213591899999997,72.7865753,ChIJRXsCJflN4DsRieE9nCXgW5E,https://www.google.com/maps/place/?q=place_id:ChIJRXsCJflN4DsRieE9nCXgW5E,part_311,2026-09-20 20:23:49,16251
RKS Solar Power,Solar Rooftop and Inverter Dealer,Solar energy equipment supplier,"Solar energy equipment supplier, Solar Energy Company, Solar energy system service, Solar hot water system supplier, Solar panel maintenance service",695317,Kerala Circle,Trivandrum HQ Region,Trivandrum North Division,Thonnakkal SO,+91 92196 67797,N/A,4.8,16.0,"1B, 397, Delhi Rd, behind jawahar motors, Avas Vikas, Vikas Colony, Buddhi Vihar, Moradabad, Uttar Pradesh 244103","Avas Vikas, Vikas Colony, Buddhi Vihar",28.8360925,78.744941,ChIJzy0zTBj9CjkRh_ONXkqQMT0,https://www.google.com/maps/place/?q=place_id:ChIJzy0zTBj9CjkRh_ONXkqQMT0,part_311,2026-09-20 20:23:49,16252
Blueneba Technologies Pvt. Ltd.,Solar Rooftop and Inverter Dealer,Solar Energy Company,Solar Energy Company,695317,Kerala Circle,Trivandrum HQ Region,Trivandrum North Division,Thonnakkal SO,+91 99992 77000,https://www.blueneba.com/,4.9,455.0,"KHASRA 16, 17 2/8, near Surendra Residency, Raghunath Nagar, Rohit Nagar, Bawadiya Kalan, Gulmohar Colony, Bhopal, Madhya Pradesh 462039","Raghunath Nagar, Rohit Nagar, Bawadiya Kalan, Gulmohar Colony",23.180346699999998,77.4313134,ChIJWZx_TddDfDkR5d9RusvMxCQ,https://www.google.com/maps/place/?q=place_id:ChIJWZx_TddDfDkR5d9RusvMxCQ,part_311,2026-09-20 20:23:49,16253
Truzon Solar Hyderabad : Solar Power Installation | Solar Panel for Home | Rooftop Solar Panels,Solar Rooftop and Inverter Dealer,Solar Energy Company,"Solar Energy Company, Solar energy system service, Solar energy equipment supplier, Solar hot water system supplier, Solar photovoltaic power plant",695317,Kerala Circle,Trivandrum HQ Region,Trivandrum North Division,Thonnakkal SO,+91 90300 32222,https://www.truzonsolar.com/,4.8,1317.0,"Astral Heights, 5A, Road No. 1, Mothi Nagar, Dwarakapuri, Banjara Hills, Hyderabad, Telangana 500034","Mothi Nagar, Dwarakapuri, Banjara Hills",17.4258019,78.4502188,ChIJVVVV2sGRyzsRFrjGDUGy0rM,https://www.google.com/maps/place/?q=place_id:ChIJVVVV2sGRyzsRFrjGDUGy0rM,part_311,2026-09-20 20:23:49,16254
Sun Solar Energy,Solar Rooftop and Inverter Dealer,Solar energy system service,Solar energy system service,695317,Kerala Circle,Trivandrum HQ Region,Trivandrum North Division,Thonnakkal SO,+91 98343 00109,https://www.sunsolarenergys.com/,4.9,142.0,"Hariom complex, near madina masjid, Wadi, Maharashtra 440023",Wadi,21.155008199999997,79.0056601,ChIJf2bYwCvr1DsR6c6lrz4sMWs,https://www.google.com/maps/place/?q=place_id:ChIJf2bYwCvr1DsR6c6lrz4sMWs,part_311,2026-09-20 20:23:49,16255
Pabitra Solar & Electricals,Solar Rooftop and Inverter Dealer,Solar Energy Company,"Solar Energy Company, Appliance repair service, Battery Manufacturer, Battery Wholesaler, Electrical engineer, Electrical repair shop, Electrical installation service, Solar energy system service, Solar energy equipment supplier, Solar photovoltaic power plant",695317,Kerala Circle,Trivandrum HQ Region,Trivandrum North Division,Thonnakkal SO,+91 90515 12369,https://pabitrabelel5.wixsite.com/myresume,3.9,16.0,"Belel para road, near Domjur, Dafarpur, Domjur, Howrah, Dafarpur Belelpara, West Bengal 711405","Dafarpur, Domjur",22.6530939,88.23381499999999,ChIJ9--dYZyB-DkR7LN6WcFDuNc,https://www.google.com/maps/place/?q=place_id:ChIJ9--dYZyB-DkR7LN6WcFDuNc,part_311,2026-09-20 20:23:49,16256
Solar PV Mart,Solar Rooftop and Inverter Dealer,Solar Energy Company,Solar Energy Company,695317,Kerala Circle,Trivandrum HQ Region,Trivandrum North Division,Thonnakkal SO,+91 88909 97953,https://www.solarpvmart.com/,4.7,18.0,"Plot no 1211, Chowk, near VMV College, Bhaurao Nagar, Wardhaman Nagar Colony, Nagpur, Maharashtra 440008","Bhaurao Nagar, Wardhaman Nagar Colony",21.148829799999998,79.13326479999999,ChIJ3_pLBeHH1DsR4RJqjoYLHUY,https://www.google.com/maps/place/?q=place_id:ChIJ3_pLBeHH1DsR4RJqjoYLHUY,part_311,2026-09-20 20:23:49,16257
Solar Experts,Solar Rooftop and Inverter Dealer,Solar Energy Company,Solar Energy Company,695317,Kerala Circle,Trivandrum HQ Region,Trivandrum North Division,Thonnakkal SO,N/A,http://www.solarexpertsindia.com/,4.9,66.0,"Plot No. 927, Sector 47, Gurugram, Haryana 122001",Sector 47,28.429561099999997,77.04374399999999,ChIJ7Xo-T6wZDTkRU_WrSjg80Cc,https://www.google.com/maps/place/?q=place_id:ChIJ7Xo-T6wZDTkRU_WrSjg80Cc,part_311,2026-09-20 20:23:49,16258
Sri Sai Power Systems,Solar Rooftop and Inverter Dealer,Solar energy equipment supplier,"Solar energy equipment supplier, Battery Store, Battery Wholesaler, Electrical supply store",695317,Kerala Circle,Trivandrum HQ Region,Trivandrum North Division,Thonnakkal SO,+91 98482 10197,N/A,4.5,42.0,"Door No: 54-7-1, Surisetty Krishna Complex Opp: Indian Oil Petrol Bunk Isukathota, NH16, Visakhapatnam, Andhra Pradesh 530022","Opposite Petrol Bunk, Isukathota, Maddilapalem",17.741667,83.3273959,ChIJ9TEyWlJDOToRMEU92y7D7w0,https://www.google.com/maps/place/?q=place_id:ChIJ9TEyWlJDOToRMEU92y7D7w0,part_311,2026-09-20 20:23:50,16259
AJAY ELECTRICALS CONTRACTOR AND SUPPLIERS,Solar Rooftop and Inverter Dealer,Solar Energy Company,"Solar Energy Company, Battery Wholesaler, Energy supplier, Power plant consultant, Solar energy system service, Solar energy equipment supplier, Solar hot water system supplier, Solar panel maintenance service",695317,Kerala Circle,Trivandrum HQ Region,Trivandrum North Division,Thonnakkal SO,+91 99231 53726,https://wa.me/919923153726,4.9,35.0,"Shop No 32, Ramanand Square, Jatwada Rd, Honaji Nagar, Harsul, Chhatrapati Sambhajinagar, Maharashtra 431008","Honaji Nagar, Harsul",19.916015299999998,75.34344329999999,ChIJHfG6cXy92zsRwhYhdiKZku8,https://www.google.com/maps/place/?q=place_id:ChIJHfG6cXy92zsRwhYhdiKZku8,part_311,2026-09-20 20:23:50,16260
VINAYAKA ELECTRICALS,Solar Rooftop and Inverter Dealer,Battery Store,"Battery Store, Solar energy system service",695317,Kerala Circle,Trivandrum HQ Region,Trivandrum North Division,Thonnakkal SO,+91 98667 50583,N/A,4.8,86.0,"shop 6, CMR Central, Babu Complex, 6, NH16, opp. CMR CENTRAL,. Shop, opp. Exibution ground, Old Gajuwaka, Chaitanya Nagar, Auto Nagar, Gajuwaka, Andhra Pradesh 530026","Old Gajuwaka, Chaitanya Nagar, Auto Nagar",17.6839206,83.2009951,ChIJb3wLuAVpOToRum1QIA4bAOI,https://www.google.com/maps/place/?q=place_id:ChIJb3wLuAVpOToRum1QIA4bAOI,part_311,2026-09-20 20:23:50,16261
Solar Universe India Pvt. Ltd.,Solar Rooftop and Inverter Dealer,Solar energy equipment supplier,Solar energy equipment supplier,695317,Kerala Circle,Trivandrum HQ Region,Trivandrum North Division,Thonnakkal SO,+91 98102 88787,http://www.solaruniverseindia.com/,3.8,18.0,"A- 50/2, Block A, Mayapuri Industrial Area Phase I, Mayapuri, New Delhi, Delhi, 110064","Block A, Mayapuri Industrial Area Phase I, Mayapuri",28.6296993,77.127513,ChIJn-C-9mb9DDkRy1j2NxyxE_I,https://www.google.com/maps/place/?q=place_id:ChIJn-C-9mb9DDkRy1j2NxyxE_I,part_311,2026-09-20 20:23:50,16262
Solar Idea Private Limited,Solar Rooftop and Inverter Dealer,Solar Energy Company,"Solar Energy Company, Diesel engine dealer, Electrical equipment supplier, Electric generator shop, Solar energy system service, Solar energy equipment supplier, Solar hot water system supplier, Solar photovoltaic power plant",695317,Kerala Circle,Trivandrum HQ Region,Trivandrum North Division,Thonnakkal SO,+91 40 4946 4332,http://www.solaridea.com/,4.4,40.0,"Door No. 8-2-277/A/7, Plot 126, Road No.2, Banjara Hills, Hyderabad, Telangana 500034","Andhra Pradesh Real Estate, Green Valley, Banjara Hills",17.424148,78.432689,ChIJazySJyuXyzsRv3R5mZTHQPs,https://www.google.com/maps/place/?q=place_id:ChIJazySJyuXyzsRv3R5mZTHQPs,part_311,2026-09-20 20:23:51,16263
SOLAR SOLUTIONS,Solar Rooftop and Inverter Dealer,Solar energy equipment supplier,Solar energy equipment supplier,695317,Kerala Circle,Trivandrum HQ Region,Trivandrum North Division,Thonnakkal SO,+91 90383 25778,N/A,5.0,11.0,"Natun pally association, Barasat, Kolkata, West Bengal 700124",Barasat,22.70638,88.4910031,ChIJfQT1tveh-DkRAY7qlnHaJJo,https://www.google.com/maps/place/?q=place_id:ChIJfQT1tveh-DkRAY7qlnHaJJo,part_311,2026-09-20 20:23:51,16264
Gajaha Solar Power Pvt. Ltd.,Solar Rooftop and Inverter Dealer,Solar Energy Company,"Solar Energy Company, Solar photovoltaic power plant",695317,Kerala Circle,Trivandrum HQ Region,Trivandrum North Division,Thonnakkal SO,+91 70655 53300,http://www.gajahasolar.com/,4.9,19.0,"3rd Floor - 308, Alpha-I Commercial Belt, Block E, Alpha I, Greater Noida, Uttar Pradesh 201310","Alpha-I Commercial Belt, Block E, Alpha I",28.4720597,77.51307729999999,ChIJAQBQin7qDDkRE7PQYXUiNLY,https://www.google.com/maps/place/?q=place_id:ChIJAQBQin7qDDkRE7PQYXUiNLY,part_311,2026-09-20 20:23:51,16265
Teerth Enterprises - Waaree Solar Power Centre,Solar Rooftop and Inverter Dealer,Solar Energy Company,Solar Energy Company,695317,Kerala Circle,Trivandrum HQ Region,Trivandrum North Division,Thonnakkal SO,+91 89794 53560,http://www.teerthenergy.com/,4.1,28.0,"3rd Floor, Teerth Complex, Jansath Rd, above OLA Showroom, Almaspur, Muzaffarnagar, Uttar Pradesh 251001",Almaspur,29.454106099999997,77.72124649999999,ChIJKRyGONIbDDkRgdryka8z8Zg,https://www.google.com/maps/place/?q=place_id:ChIJKRyGONIbDDkRgdryka8z8Zg,part_311,2026-09-20 20:23:51,16266
Genus Innovation Limited,Solar Rooftop and Inverter Dealer,Solar Energy Company,"Solar Energy Company, Electronics manufacturer",695318,Kerala Circle,Trivandrum HQ Region,Trivandrum North Division,Vennicode SO,+91 97733 19407,https://genusinnovation.com/,4.1,124.0,"SPL 2B, Tonk Rd, Ricco Industrial Area, Sitapura, Jaipur, Rajasthan 302022","Ricco Industrial Area, Sitapura Industrial Area, Sitapura",26.77778,75.8307028,ChIJ9_DfVnPJbTkRAJoaMUCIbh4,https://www.google.com/maps/place/?q=place_id:ChIJ9_DfVnPJbTkRAJoaMUCIbh4,part_311,2026-09-20 20:24:35,19908
AlienSolar,Solar Rooftop and Inverter Dealer,Solar Energy Company,"Solar Energy Company, Solar energy system service, Solar energy equipment supplier, Solar hot water system supplier, Solar photovoltaic power plant",695318,Kerala Circle,Trivandrum HQ Region,Trivandrum North Division,Vennicode SO,+91 98307 52673,https://www.aliensolar.com/,4.8,35.0,"181, 1, CIT Rd, CIT Scheme VII M, Ultadanga, Kolkata, West Bengal 700054","CIT Scheme VII M, Ultadanga",22.5906912,88.39252979999999,ChIJ45_e1KZ1AjoRlhiNFHWzGXo,https://www.google.com/maps/place/?q=place_id:ChIJ45_e1KZ1AjoRlhiNFHWzGXo,part_311,2026-09-20 20:24:35,19909
AKSHAT POWER SYSTEM,Solar Rooftop and Inverter Dealer,Battery Store,Battery Store,695318,Kerala Circle,Trivandrum HQ Region,Trivandrum North Division,Vennicode SO,+91 98249 22627,N/A,4.7,3.0,"11, Mahashakti Society, Nr. Chandrabhanu School, Jivraj Park, Ahmedabad, Gujarat 380051","Vibhavari Society, Jivraj Park",23.0045443,72.5318295,ChIJI673Tv6FXjkRO5BKD9UAp2I,https://www.google.com/maps/place/?q=place_id:ChIJI673Tv6FXjkRO5BKD9UAp2I,part_311,2026-09-20 20:24:35,19910
SOLAR POWER HOUSE,Solar Rooftop and Inverter Dealer,Store,Store,695318,Kerala Circle,Trivandrum HQ Region,Trivandrum North Division,Vennicode SO,+91 98366 77405,https://newbharatbattery.com/,4.2,22.0,"25B, Chandni Chowk St, Esplanade, Chandni Chawk, Bowbazar, Kolkata, West Bengal 700072","Esplanade, Chandni Chawk, Bowbazar",22.5658411,88.3552679,ChIJlRv4rKl3AjoRg1z5JJvgoYY,https://www.google.com/maps/place/?q=place_id:ChIJlRv4rKl3AjoRg1z5JJvgoYY,part_311,2026-09-20 20:24:35,19911
Vikram Solar Limited,Solar Rooftop and Inverter Dealer,Solar Energy Company,"Solar Energy Company, Corporate office, Solar energy equipment supplier",695318,Kerala Circle,Trivandrum HQ Region,Trivandrum North Division,Vennicode SO,+91 1800 212 8200,http://www.vikramsolar.com/,4.2,71.0,"8th Floor, The Chambers, 1865, Rajdanga Main Rd, Kasba, Kolkata, West Bengal 700107","Sector E, Kasba",22.513754,88.3944112,ChIJR707B1NxAjoRIudt9LRfw2g,https://www.google.com/maps/place/?q=place_id:ChIJR707B1NxAjoRIudt9LRfw2g,part_311,2026-09-20 20:24:35,19912
ECOSOL,Solar Rooftop and Inverter Dealer,Solar Energy Company,"Solar Energy Company, Electric vehicle charging station, Electric vehicle charging station contractor, Power station, Power plant consultant",695318,Kerala Circle,Trivandrum HQ Region,Trivandrum North Division,Vennicode SO,+91 90965 55110,https://www.ecosol.solar/,5.0,32.0,"Motiwala Trade Center, opp. HDFC Bank, Nirala Bazar, Chhatrapati Sambhajinagar, Maharashtra 431001",Nirala Bazar,19.880803099999998,75.323387,ChIJ236vn-Gj2zsReMfajIv8vmA,https://www.google.com/maps/place/?q=place_id:ChIJ236vn-Gj2zsReMfajIv8vmA,part_311,2026-09-20 20:24:35,19913
Universal Solar Systems,Solar Rooftop and Inverter Dealer,Solar Energy Company,Solar Energy Company,695318,Kerala Circle,Trivandrum HQ Region,Trivandrum North Division,Vennicode SO,N/A,N/A,4.7,46.0,"Shop No 28, RenukaMata Mandir, Apratim Park, Road, opp. to Chate School Road, Satara Deolai Parisar, Chhatrapati Sambhajinagar, Maharashtra 431010",Satara Deolai Parisar,19.842467799999998,75.3427822,ChIJ9cL8QCij2zsR2GnlxE3hnuE,https://www.google.com/maps/place/?q=place_id:ChIJ9cL8QCij2zsR2GnlxE3hnuE,part_311,2026-09-20 20:24:35,19914
Creative Eco Solutions Pvt Ltd,Solar Rooftop and Inverter Dealer,Solar Energy Company,"Solar Energy Company, Battery Store, Battery Wholesaler, Lighting products wholesaler, Solar photovoltaic power plant, Solar energy system service, Solar energy equipment supplier, Solar hot water system supplier, Solar panel maintenance service",695318,Kerala Circle,Trivandrum HQ Region,Trivandrum North Division,Vennicode SO,+91 87544 77217,https://www.creativeeco.in/,4.8,50.0,"37/18, Vellala St, Purasaiwakkam, Chennai, Tamil Nadu 600084",Purasaiwakkam,13.084135999999999,80.251868,ChIJW375P-dlUjoRvUDv0sENkD8,https://www.google.com/maps/place/?q=place_id:ChIJW375P-dlUjoRvUDv0sENkD8,part_311,2026-09-20 20:24:36,19915
Vigor Solar Energy Pvt Ltd,Solar Rooftop and Inverter Dealer,Solar energy equipment supplier,"Solar energy equipment supplier, Solar energy system service, Solar panel maintenance service, Solar photovoltaic power plant",695318,Kerala Circle,Trivandrum HQ Region,Trivandrum North Division,Vennicode SO,+91 90030 47542,http://www.vigorsolar.in/,4.8,41.0,"Elcanso Complex, G-13, CASA Major Rd, Egmore, Chennai, Tamil Nadu 600008",Egmore,13.0711367,80.25426809999999,ChIJacIKs3JmUjoRF27NLCUsIX4,https://www.google.com/maps/place/?q=place_id:ChIJacIKs3JmUjoRF27NLCUsIX4,part_311,2026-09-20 20:24:36,19916
Power World Power Solution Chennai - Home Solar,Solar Rooftop and Inverter Dealer,Solar energy equipment supplier,Solar energy equipment supplier,695318,Kerala Circle,Trivandrum HQ Region,Trivandrum North Division,Vennicode SO,+91 98417 72883,http://powerworldsolar.com/,4.9,126.0,"49/29, 8th St, Pudur, Ashok Nagar, Chennai, Tamil Nadu 600083","Pudur, Ashok Nagar",13.0434892,80.2148575,ChIJezrdaehmUjoRF-YLEAfm3CY,https://www.google.com/maps/place/?q=place_id:ChIJezrdaehmUjoRF-YLEAfm3CY,part_311,2026-09-20 20:24:36,19917
Daystar Solar,Solar Rooftop and Inverter Dealer,Solar Energy Company,"Solar Energy Company, Electronics manufacturer, Energy supplier, Power plant consultant, Solar energy system service, Solar energy equipment supplier, Solar photovoltaic power plant",695318,Kerala Circle,Trivandrum HQ Region,Trivandrum North Division,Vennicode SO,+91 91766 68650,http://www.daystarsolar.co.in/,4.9,73.0,"5, H, 3rd Ave, Block H, Annanagar East, Chennai, Tamil Nadu 600102","Block H, Annanagar East",13.0891849,80.2183254,ChIJ0xP3AiVkUjoRXr5MuC9b8hg,https://www.google.com/maps/place/?q=place_id:ChIJ0xP3AiVkUjoRXr5MuC9b8hg,part_311,2026-09-20 20:24:36,19918
Solarus Solar Energy,Solar Rooftop and Inverter Dealer,Solar Energy Company,Solar Energy Company,695318,Kerala Circle,Trivandrum HQ Region,Trivandrum North Division,Vennicode SO,+91 94049 10948,https://www.solarus.in/,4.8,41.0,"Plot no 88, Omkar Nagar Square, Shukla nagar, Bhagwan Nagar, Nagpur, Maharashtra 440027","Omkar Nagar Square, Shukla nagar, Bhagwan Nagar",21.1057986,79.0940334,ChIJpxnfJsC_1DsRTzk-Upbfi70,https://www.google.com/maps/place/?q=place_id:ChIJpxnfJsC_1DsRTzk-Upbfi70,part_311,2026-09-20 20:24:36,19919
GLOBAL POWER SYSTEMS AND SOLUTIONS,Solar Rooftop and Inverter Dealer,Solar Energy Company,Solar Energy Company,695318,Kerala Circle,Trivandrum HQ Region,Trivandrum North Division,Vennicode SO,+91 98840 85333,http://www.gpssolar.in/,5.0,21.0,"No-48B, 2, Gandhi Nagar 1st Main Rd, Gandhi Nagar, Adyar, Chennai, Tamil Nadu 600020","Gandhi Nagar, Adyar",13.008745,80.2577206,ChIJe5fPl5ZdUjoR4a92AVsLzFk,https://www.google.com/maps/place/?q=place_id:ChIJe5fPl5ZdUjoR4a92AVsLzFk,part_311,2026-09-20 20:24:36,19920
HealthySun Energy Solar Power Solutions,Solar Rooftop and Inverter Dealer,Solar Energy Company,"Solar Energy Company, Solar energy system service, Solar panel maintenance service, Solar photovoltaic power plant",695318,Kerala Circle,Trivandrum HQ Region,Trivandrum North Division,Vennicode SO,+91 75500 97732,http://healthysun.in/,4.9,72.0,"Unit No. 4, Lakshmi Narayana Nagar, Plot No. 7, 2nd St, Mallika Nagar, Pammal, Polichalur, Tamil Nadu 600075","Mallika Nagar, Pammal",12.9807844,80.14603009999999,ChIJtyX5dzReUjoRSsevCvZkfH0,https://www.google.com/maps/place/?q=place_id:ChIJtyX5dzReUjoRSsevCvZkfH0,part_311,2026-09-20 20:24:36,19921
Greentek India Limited,Solar Rooftop and Inverter Dealer,Solar Energy Company,"Solar Energy Company, Solar energy system service, Solar energy equipment supplier, Solar hot water system supplier, Solar panel maintenance service",695318,Kerala Circle,Trivandrum HQ Region,Trivandrum North Division,Vennicode SO,+91 40 2780 7145,http://greentekindia.co.in/,4.2,115.0,"10- 1 -plot 8, Lepakshi Colony, West Marredpally, Secunderabad, Telangana 500026","Lepakshi Colony, West Marredpally",17.4514556,78.506479,ChIJw9rjiTiayzsRzXWmkqMzw24,https://www.google.com/maps/place/?q=place_id:ChIJw9rjiTiayzsRzXWmkqMzw24,part_311,2026-09-20 20:24:36,19922
Electro Line Solar,Solar Rooftop and Inverter Dealer,Solar Energy Company,"Solar Energy Company, Battery Store, Battery Wholesaler, Electrical supply store, Electronics manufacturer, Solar energy system service, Solar energy equipment supplier, Solar photovoltaic power plant",695318,Kerala Circle,Trivandrum HQ Region,Trivandrum North Division,Vennicode SO,+91 1800 890 3650,http://www.electrolineindia.com/,5.0,459.0,"Shop No: 9, Amardeep Complex Nr. Jayratna building Urmi Cross Rd, RV Desai Rd, Navapura, Vadodara, Gujarat 390001","Moti Tamboli, Navapura",22.293044899999998,73.2034336,ChIJ____v-3FXzkRZmNYiuZKvSw,https://www.google.com/maps/place/?q=place_id:ChIJ____v-3FXzkRZmNYiuZKvSw,part_311,2026-09-20 20:24:37,19923
Lobel Solar Power System,Solar Rooftop and Inverter Dealer,Solar Energy Company,"Solar Energy Company, Electronics manufacturer, Energy supplier, Environment renewable natural resources, Power station, Power plant consultant, Solar energy system service, Solar energy equipment supplier, Solar hot water system supplier, Solar photovoltaic power plant",695318,Kerala Circle,Trivandrum HQ Region,Trivandrum North Division,Vennicode SO,+91 99989 31555,https://www.lobelpower.com/,4.8,1664.0,"House"" 65, Mihir Park, L'obel, opp. Mittal Appt, opp. of Rajvee Towers, Vadodara, Gujarat 390007","Sheetal Nagar, Akota",22.2912546,73.1648204,ChIJAQAcrB7GXzkRBHHD2Y9-I9U,https://www.google.com/maps/place/?q=place_id:ChIJAQAcrB7GXzkRBHHD2Y9-I9U,part_311,2026-09-20 20:24:37,19924
Vihaan solar private limited,Solar Rooftop and Inverter Dealer,Solar Energy Company,"Solar Energy Company, Green energy supplier",695318,Kerala Circle,Trivandrum HQ Region,Trivandrum North Division,Vennicode SO,+91 70130 02400,https://vihaansolarpvtltd.com/,4.9,,"Sri Sai Nilayam, B Block, 100 Feet Rd, Ayyappa Society, Chanda Naik Nagar, Madhapur, Hyderabad, Telangana 500081","Ayyappa Society, Chanda Naik Nagar, Madhapur",17.453496599999998,78.388836,ChIJ66lnuJGXyzsRDT7PuZ2kOgw,https://www.google.com/maps/place/?q=place_id:ChIJ66lnuJGXyzsRDT7PuZ2kOgw,part_311,2026-09-20 20:24:38,19925
Savorka Solar Private Limited,Solar Rooftop and Inverter Dealer,Solar Energy Company,Solar Energy Company,695318,Kerala Circle,Trivandrum HQ Region,Trivandrum North Division,Vennicode SO,+91 70177 74339,http://www.savorka.in/,4.9,,"8th Floor, GM IT Park, Sector 142, Noida, Uttar Pradesh 201305",Sector 142,28.501957299999997,77.41260079999999,ChIJuSQe8sWnDDkRA6YeeC2IEA8,https://www.google.com/maps/place/?q=place_id:ChIJuSQe8sWnDDkRA6YeeC2IEA8,part_311,2026-09-20 20:24:38,19926
Vasco Batteries,Solar Rooftop and Inverter Dealer,Battery Store,Battery Store,695318,Kerala Circle,Trivandrum HQ Region,Trivandrum North Division,Vennicode SO,+91 98714 44933,https://vasco-batteries.grexa.site/,4.9,,"4981/7, Bharat Ram Rd, Old Delhi, Daryaganj, New Delhi, Delhi, 110002","Old Delhi, Daryaganj",28.6422971,77.240725,ChIJ8ZEuqdj8DDkR7njlxCqL_uI,https://www.google.com/maps/place/?q=place_id:ChIJ8ZEuqdj8DDkR7njlxCqL_uI,part_311,2026-09-20 20:24:38,19927
Newsol Pv Power Pvt Ltd,Solar Rooftop and Inverter Dealer,Solar Energy Company,Solar Energy Company,695318,Kerala Circle,Trivandrum HQ Region,Trivandrum North Division,Vennicode SO,+91 72109 29491,N/A,3.9,,"305a, 304f, Sagar High St, K-Sector, Ayodhya Nagar, Bhopal, Madhya Pradesh 462041","K-Sector, Ayodhya Nagar",23.2799458,77.4530332,ChIJ1VzYdzZrfDkR-sE8sREqOc0,https://www.google.com/maps/place/?q=place_id:ChIJ1VzYdzZrfDkR-sE8sREqOc0,part_311,2026-09-20 20:24:38,19928
Green Energy Solar Solution,Solar Rooftop and Inverter Dealer,Solar Energy Company,Solar Energy Company,695501,Kerala Circle,Trivandrum HQ Region,Trivandrum South Division,"Balaramapuram SO, Bhagavathinada BO, Chowara BO",+91 95445 65599,https://www.greenenergytvm.com/,3.7,,"Shope no 12 ,Housing board building, Vizhinjam Rd, Balaramapuram, Keralam 695501",695501,8.4198442,77.04272569999999,ChIJ_TyvqHqvBTsRj_u85JDKWmM,https://www.google.com/maps/place/?q=place_id:ChIJ_TyvqHqvBTsRj_u85JDKWmM,part_311,2026-09-20 20:25:23,23081
Livguard - Rk Power Solution,Solar Rooftop and Inverter Dealer,Battery Store,"Battery Store, Electrical supply store",695501,Kerala Circle,Trivandrum HQ Region,Trivandrum South Division,"Balaramapuram SO, Bhagavathinada BO, Chowara BO",+91 93874 72747,https://www.livguard.com/battery-inverter-dealers/livguard-rk-power-solution-battery-store-pravachambalam-thiruvananthapuram-540174/Home?utm_source=locator&utm_medium=googleplaces,,,"Ground Floor, Pravachambalam, Pallichal, Thiruvananthapuram, Keralam 695020",Pravachambalam,8.449100099999999,77.011151,ChIJo-4LvUaxBTsRd46tWC56J74,https://www.google.com/maps/place/?q=place_id:ChIJo-4LvUaxBTsRd46tWC56J74,part_311,2026-09-20 20:25:23,23082
ORBIT SOLAR ENERGY SYSTEM,Solar Rooftop and Inverter Dealer,Solar Energy Company,"Solar Energy Company, Electrical installation service, Solar energy system service, Solar energy equipment supplier, Solar hot water system supplier, Solar photovoltaic power plant",695501,Kerala Circle,Trivandrum HQ Region,Trivandrum South Division,"Balaramapuram SO, Bhagavathinada BO, Chowara BO",+91 93461 76617,http://www.orbitsolar.in/,4.7,70.0,"12-2-800/216, Dream State, Dilshad Nagar Colony, Gudimalkapur, Hyderabad, Telangana 500028","Dream State, Dilshad Nagar Colony, Gudimalkapur",17.3917535,78.4311555,ChIJJUKewxyXyzsR-wULfmdMEEM,https://www.google.com/maps/place/?q=place_id:ChIJJUKewxyXyzsR-wULfmdMEEM,part_311,2026-09-20 20:25:24,23083
Kondaas Automation Pvt Ltd,Solar Rooftop and Inverter Dealer,Solar Energy Company,"Solar Energy Company, Solar energy equipment supplier, Solar hot water system supplier",695501,Kerala Circle,Trivandrum HQ Region,Trivandrum South Division,"Balaramapuram SO, Bhagavathinada BO, Chowara BO",+91 73737 90067,https://www.kondaas.com/,4.8,7411.0,"5B, Sri, Kamarajar Rd, Alamelu Nagar, Coimbatore, Tamil Nadu 641015",Alamelu Nagar,11.0199375,77.0227091,ChIJ00SJxZxXqDsRSxEKgdypfYg,https://www.google.com/maps/place/?q=place_id:ChIJ00SJxZxXqDsRSxEKgdypfYg,part_311,2026-09-20 20:25:24,23084
Aadhi Enterprises,Solar Rooftop and Inverter Dealer,Solar energy equipment supplier,"Solar energy equipment supplier, Solar hot water system supplier",695504,Kerala Circle,Trivandrum HQ Region,Trivandrum South Division,"Karakonam SO, Cheriakolla BO, Elluvila BO",+91 91763 62015,https://aadhienterprises.co.in/,4.8,68.0,"Kamaraj St, kanaka sabha colony, Koyambedu, Chennai, Tamil Nadu 600107","kanaka sabha colony, Koyambedu",13.0731641,80.19986349999999,ChIJEamdPJdmUjoRX1tnwdDDPYY,https://www.google.com/maps/place/?q=place_id:ChIJEamdPJdmUjoRX1tnwdDDPYY,part_311,2026-09-20 20:28:10,27161
Naviksun Solar,Solar Rooftop and Inverter Dealer,Solar energy equipment supplier,"Solar energy equipment supplier, Solar Energy Company, Solar energy system service, Solar panel maintenance service, Solar photovoltaic power plant",695506,Kerala Circle,Trivandrum HQ Region,Trivandrum South Division,"Uchakada SO, Kakkavila BO, Karode BO",+91 98435 52214,http://naviksunsolar.in/,4.9,103.0,"Erasai Rd, near Vivek Hollow Block, Chinnamanur, Tamil Nadu 625515",695506,9.8289742,77.38207299999999,ChIJf8WHOPkbBzsRv9nAnLcZnko,https://www.google.com/maps/place/?q=place_id:ChIJf8WHOPkbBzsRv9nAnLcZnko,part_311,2026-09-20 20:29:48,28921
SolarCircuit Energy,Solar Rooftop and Inverter Dealer,Solar Energy Company,"Solar Energy Company, Green energy supplier, Solar energy system service, Solar energy equipment supplier, Solar hot water system supplier, Solar photovoltaic power plant",695506,Kerala Circle,Trivandrum HQ Region,Trivandrum South Division,"Uchakada SO, Kakkavila BO, Karode BO",+91 94407 57763,http://www.solarcircuit.in/,4.9,,"6-3-596/77/3/A, Road No. 1, Mada Manzil, Banjara Hills, Hyderabad, Telangana 500082","Mada Manzil, Banjara Hills",17.423282999999998,78.4493002,ChIJV-Uo8TeXyzsR59AnScx_l6U,https://www.google.com/maps/place/?q=place_id:ChIJV-Uo8TeXyzsR59AnScx_l6U,part_311,2026-09-20 20:29:49,28922
Kraftwork Solar Pvt Ltd,Solar Rooftop and Inverter Dealer,Solar Energy Company,"Solar Energy Company, Solar energy equipment supplier, Solar hot water system supplier, Solar photovoltaic power plant",695507,Kerala Circle,Trivandrum HQ Region,Trivandrum South Division,Ooruttambalam SO,N/A,https://www.kraftworksolar.com/,4.2,74.0,"29/2862. Adithya, Near Gandhi Sq.Poonithura, Kochi, Keralam 682038","Poonithura, Maradu",9.9451584,76.3341392,ChIJFdePqXptCDsRJxrQh6ymL_A,https://www.google.com/maps/place/?q=place_id:ChIJFdePqXptCDsRJxrQh6ymL_A,part_311,2026-09-20 20:30:37,29627
Freyr Energy - Rooftop Solar Panel Installation Company in Hyderabad,Solar Rooftop and Inverter Dealer,Solar Energy Company,"Solar Energy Company, Solar energy system service, Solar panel maintenance service",695513,Kerala Circle,Trivandrum HQ Region,Trivandrum South Division,Pozhiyoor SO,+91 90008 28333,https://freyrenergy.com/,4.7,,"301, 3rd Floor, KKR Square, Phase I, Road no. 36, Kavuri Hills Madhapur, Post, Jubilee Hills, Hyderabad, Telangana 500033","Sri Rama Colony, Kavuri Hills, Jubilee Hills",17.439244,78.3983757,ChIJl69aOQeTyzsRNpnkZZ2LkoA,https://www.google.com/maps/place/?q=place_id:ChIJl69aOQeTyzsRNpnkZZ2LkoA,part_311,2026-09-20 20:33:01,31265
HYBRID SOLAR SYSTEM,Solar Rooftop and Inverter Dealer,Solar energy equipment supplier,"Solar energy equipment supplier, Agricultural service, Environment renewable natural resources, Farmers' market, Solar energy system service, Solar hot water system supplier, Solar panel maintenance service, Solar photovoltaic power plant, Tubewell Contractor",695513,Kerala Circle,Trivandrum HQ Region,Trivandrum South Division,Pozhiyoor SO,+91 94145 04232,N/A,5.0,,"Bus Stand Rd, Raisingh Nagar, Rajasthan 335051",695513,29.5310854,73.4473667,ChIJ40TwmqeLPTkR5osYanI3IbQ,https://www.google.com/maps/place/?q=place_id:ChIJ40TwmqeLPTkR5osYanI3IbQ,part_311,2026-09-20 20:33:02,31266
Positive Business Solutions,Solar Rooftop and Inverter Dealer,Solar energy equipment supplier,"Solar energy equipment supplier, Battery Wholesaler, Electronics manufacturer, Solar Energy Company",695513,Kerala Circle,Trivandrum HQ Region,Trivandrum South Division,Pozhiyoor SO,+91 98470 38107,http://positiveindia.in/,4.8,,"Opp. Pmg higher secondary School, near Victoria college, Palakkad, Keralam 678001",Vinayaka colony,10.7832948,76.6530377,ChIJrfV5nwhuqDsRok_rhtEANH4,https://www.google.com/maps/place/?q=place_id:ChIJrfV5nwhuqDsRok_rhtEANH4,part_311,2026-09-20 20:33:03,31267
BJAN Group Solar Powers,Solar Rooftop and Inverter Dealer,Solar energy system service,Solar energy system service,695513,Kerala Circle,Trivandrum HQ Region,Trivandrum South Division,Pozhiyoor SO,+91 95627 00099,https://bjangroup.in/,4.6,,"Mamoodu Junction, Kilikkollur, Chandanathope, Kottamkara, Kollam, Kerala 691014","Kilikkollur, Chandanathope",8.9327092,76.64837659999999,ChIJJdYnphHjBTsRXkqCBtNJd2g,https://www.google.com/maps/place/?q=place_id:ChIJJdYnphHjBTsRXkqCBtNJd2g,part_311,2026-09-20 20:33:03,31268
Walkers Solar,Solar Rooftop and Inverter Dealer,Solar Energy Company,Solar Energy Company,695513,Kerala Circle,Trivandrum HQ Region,Trivandrum South Division,Pozhiyoor SO,+91 97459 55104,http://www.walkers.org.in/,4.9,,"St,Peter's Junction, Pathanamthitta Ring Rd, Chittoor, Pathanamthitta, Keralam 689645",Chittoor,9.268508599999999,76.7785657,ChIJHW_K2dQVBjsRNKn2o6qP02E,https://www.google.com/maps/place/?q=place_id:ChIJHW_K2dQVBjsRNKn2o6qP02E,part_311,2026-09-20 20:33:03,31269
Energy castle,Solar Rooftop and Inverter Dealer,Solar Energy Company,Solar Energy Company,695513,Kerala Circle,Trivandrum HQ Region,Trivandrum South Division,Pozhiyoor SO,N/A,N/A,5.0,,"RPMX+C8P, Kalluvathukkal, Keralam 691578",695513,8.8335834,76.74833579999999,ChIJdybgOwDnBTsR6AAeOGyY0ic,https://www.google.com/maps/place/?q=place_id:ChIJdybgOwDnBTsR6AAeOGyY0ic,part_311,2026-09-20 20:33:03,31270
Urjamithra Tarur,Solar Rooftop and Inverter Dealer,Solar energy equipment supplier,Solar energy equipment supplier,695513,Kerala Circle,Trivandrum HQ Region,Trivandrum South Division,Pozhiyoor SO,N/A,N/A,,,"Grama panchayath office, Po, opposite Puthucode, Thachanady, Puthucode, Keralam 678687",Thachanady,10.6340281,76.4501473,ChIJxU0DLrThpzsRMqcd5bbiQkA,https://www.google.com/maps/place/?q=place_id:ChIJxU0DLrThpzsRMqcd5bbiQkA,part_311,2026-09-20 20:33:03,31271
NIGHT POWER SYSTEM,Solar Rooftop and Inverter Dealer,Solar Energy Company,"Solar Energy Company, Battery Manufacturer, Battery Store, Battery Wholesaler, Electronics manufacturer, Investment service, Solar hot water system supplier",695513,Kerala Circle,Trivandrum HQ Region,Trivandrum South Division,Pozhiyoor SO,+91 99462 48109,N/A,5.0,,"Kattachira, Keralam 686572",695513,9.6740532,76.5963647,ChIJvWJl6v3SBzsR76gXYLNtmE4,https://www.google.com/maps/place/?q=place_id:ChIJvWJl6v3SBzsR76gXYLNtmE4,part_311,2026-09-20 20:33:03,31272
Solar Tech - Solar Ups Battery Coimbatore,Solar Rooftop and Inverter Dealer,Solar energy equipment supplier,"Solar energy equipment supplier, Battery Store, Battery Wholesaler, Electronics Company, Electronics manufacturer, Electronics wholesaler, Solar Energy Company, Solar energy system service, Solar hot water system supplier, Solar panel maintenance service",695513,Kerala Circle,Trivandrum HQ Region,Trivandrum South Division,Pozhiyoor SO,+91 98435 13320,https://www.solarupsinverterpanels.in/,4.6,,"No : 43 , Ramadas, Sastri Rd, Rathinapuri, Tatabad, Coimbatore, Tamil Nadu 641012","Rathinapuri, Tatabad",11.0261391,76.9588023,ChIJgScOL9dZqDsRNUjQDW5pZxU,https://www.google.com/maps/place/?q=place_id:ChIJgScOL9dZqDsRNUjQDW5pZxU,part_311,2026-09-20 20:33:03,31273
Sun World Solar Systems,Solar Rooftop and Inverter Dealer,Solar Energy Company,"Solar Energy Company, Solar energy system service, Solar energy equipment supplier, Solar panel maintenance service",695513,Kerala Circle,Trivandrum HQ Region,Trivandrum South Division,Pozhiyoor SO,+91 97465 11826,http://www.sunworldsolar.com/,5.0,,"12/399-A, Seaport - Airport Rd, Irumpanam, Thrippunithura, Ernakulam, Keralam 682309","Irumpanam, Thrippunithura",9.9649928,76.35758899999999,ChIJlUgdVdpzCDsROmtnG1DPHCM,https://www.google.com/maps/place/?q=place_id:ChIJlUgdVdpzCDsROmtnG1DPHCM,part_311,2026-09-20 20:33:03,31274
Adhav Agency,Solar Rooftop and Inverter Dealer,Solar Energy Company,"Solar Energy Company, Solar energy equipment supplier",695513,Kerala Circle,Trivandrum HQ Region,Trivandrum South Division,Pozhiyoor SO,+91 98949 99491,https://adhavagency.in/,4.7,,"Shop 7 : DABC HABITAT, near Maharishi School, Polachery, Chennai, Tamil Nadu 600127","Ponmar, Polachery",12.843977299999999,80.1770397,ChIJZ-hQUFZZUjoRO2HECtKvMEw,https://www.google.com/maps/place/?q=place_id:ChIJZ-hQUFZZUjoRO2HECtKvMEw,part_311,2026-09-20 20:33:03,31275
TMK Systems Pvt.Ltd,Solar Rooftop and Inverter Dealer,Solar Energy Company,Solar Energy Company,695513,Kerala Circle,Trivandrum HQ Region,Trivandrum South Division,Pozhiyoor SO,+91 90722 31000,http://www.tmksystems.in/,4.8,,"Kakkanattu Buliding, Ettumanoor - Neendoor Rd, Ettumanoor, Keralam 686631",695513,9.6716417,76.5543618,ChIJ1082kdrTBzsRG30IMlA-R24,https://www.google.com/maps/place/?q=place_id:ChIJ1082kdrTBzsRG30IMlA-R24,part_311,2026-09-20 20:33:03,31276
SURYA POWER SYSTEMS,Solar Rooftop and Inverter Dealer,Solar hot water system supplier,"Solar hot water system supplier, Security system supplier, Solar panel maintenance service, Water purification company",695513,Kerala Circle,Trivandrum HQ Region,Trivandrum South Division,Pozhiyoor SO,+91 99619 89790,N/A,4.2,,"V.C ROAD Junction, opp. PP Hardware, Mananthavady, Keralam 670645",695513,11.802835499999999,76.00698129999999,ChIJM2TZ1tLfpTsReiFtGxtCtFg,https://www.google.com/maps/place/?q=place_id:ChIJM2TZ1tLfpTsReiFtGxtCtFg,part_311,2026-09-20 20:33:03,31277
Omni Electricals,Solar Rooftop and Inverter Dealer,Electrical supply store,Electrical supply store,695521,Kerala Circle,Trivandrum HQ Region,Trivandrum South Division,"Vizhinjam SO, Kottapuram BO, Mullur BO",+91 471 250 8129,N/A,4.3,11.0,"FW7G+QJ7, Valiyathura, Thiruvananthapuram, Keralam 695008",Valiyathura,8.4644105,76.9265345,ChIJVdFd82a7BTsRRX3WY7MZNDc,https://www.google.com/maps/place/?q=place_id:ChIJVdFd82a7BTsRRX3WY7MZNDc,part_311,2026-09-20 20:33:51,31986
Vitrag Solar (Vitrag Techno Pvt. Ltd.),Solar Rooftop and Inverter Dealer,Solar Energy Company,"Solar Energy Company, Solar energy system service, Solar hot water system supplier, Solar panel maintenance service, Solar photovoltaic power plant",695527,Kerala Circle,Trivandrum HQ Region,Trivandrum South Division,"Kovalam SO Thiruvananthapuram, Kovalam Beach BO",+91 77799 96202,http://www.vitragsolar.com/,4.9,,"205,sunrise commercial,Lajamani chowk, Savaji Korat Brg, Mota Varachha, Surat, Gujarat 394101","Shanti Niketan Society, Mota Varachha",21.237906799999998,72.8898675,ChIJvYzy52xP4DsROHtzsW1DkJ8,https://www.google.com/maps/place/?q=place_id:ChIJvYzy52xP4DsROHtzsW1DkJ8,part_311,2026-09-20 20:38:43,34965
SURYANCE SOLAR,Solar Rooftop and Inverter Dealer,Solar Energy Company,Solar Energy Company,695527,Kerala Circle,Trivandrum HQ Region,Trivandrum South Division,"Kovalam SO Thiruvananthapuram, Kovalam Beach BO",+91 76210 20003,https://suryancesolar.com/,4.5,,"102-SILVER MOUNT COMPLEX, Pedak Rd, Rajkot, Gujarat 360003","Ranchod Nagar Society, Randhir Nagar, Arya Nagar",22.3027439,70.81653519999999,ChIJKzo_k8O1WTkRMxllvGb09iU,https://www.google.com/maps/place/?q=place_id:ChIJKzo_k8O1WTkRMxllvGb09iU,part_311,2026-09-20 20:38:43,34966
Roy Solar & Engineering | government list of vendor pm surya ghar muft bijli yojana,Solar Rooftop and Inverter Dealer,Wholesaler,Wholesaler,695527,Kerala Circle,Trivandrum HQ Region,Trivandrum South Division,"Kovalam SO Thiruvananthapuram, Kovalam Beach BO",+91 81002 92551,https://sites.google.com/view/roy-solar-engineering/home,4.8,116.0,"B17, 48, Kalyani Ghoshpara Station Rd, B 17, Block B, Kalyani, West Bengal 741235","B 17, Block B",22.981382399999998,88.438537,ChIJXzTaMByV-DkRP7whDWc3m40,https://www.google.com/maps/place/?q=place_id:ChIJXzTaMByV-DkRP7whDWc3m40,part_311,2026-09-20 20:38:43,34967
Srishti Green Energy Solutions,Solar Rooftop and Inverter Dealer,Solar energy system service,Solar energy system service,695527,Kerala Circle,Trivandrum HQ Region,Trivandrum South Division,"Kovalam SO Thiruvananthapuram, Kovalam Beach BO",+91 97755 78798,http://www.srishtienergy.in/,5.0,23.0,"Bus Stand, NH16 Sultanpur, Basantapur, Kharagpur, West Bengal 721149",695527,22.3975005,87.47856829999999,ChIJl_-9IFZNHToRIapxE-c820M,https://www.google.com/maps/place/?q=place_id:ChIJl_-9IFZNHToRIapxE-c820M,part_311,2026-09-20 20:38:43,34968
Solar Distributors,Solar Rooftop and Inverter Dealer,Battery Store,Battery Store,695527,Kerala Circle,Trivandrum HQ Region,Trivandrum South Division,"Kovalam SO Thiruvananthapuram, Kovalam Beach BO",+91 94071 20375,N/A,4.5,13.0,"38, Vaishnav Stadium, Raj Mohalla, Indore, Madhya Pradesh 452002","Vaishnav Stadium, Raj Mohalla",22.71436,75.840597,ChIJ9dq_Prv9YjkRGyfxe1rWOHI,https://www.google.com/maps/place/?q=place_id:ChIJ9dq_Prv9YjkRGyfxe1rWOHI,part_311,2026-09-20 20:38:43,34969
"POWERTUNE | Inverter,lift inverter, Online UPS, Battery, Solar Panel Dealer",Solar Rooftop and Inverter Dealer,Electronics manufacturer,"Electronics manufacturer, Battery Store, Solar energy equipment supplier",695527,Kerala Circle,Trivandrum HQ Region,Trivandrum South Division,"Kovalam SO Thiruvananthapuram, Kovalam Beach BO",+91 76209 04539,https://upsbatterysolar.com/,4.7,,"Shop no. 11, CHS Ltd, Near, Badlapur Sta Rd, behind Dhanvantri Hospital, Patil Pada, Station Pada, Badlapur, Maharashtra 421503","Patil Pada, Station Pada",19.165129999999998,73.23999859999999,ChIJx54uhK2_5zsR7NxndnRI_EA,https://www.google.com/maps/place/?q=place_id:ChIJx54uhK2_5zsR7NxndnRI_EA,part_311,2026-09-20 20:38:44,34970
Shree Hari Solar,Solar Rooftop and Inverter Dealer,Solar energy equipment supplier,"Solar energy equipment supplier, Solar Energy Company",695527,Kerala Circle,Trivandrum HQ Region,Trivandrum South Division,"Kovalam SO Thiruvananthapuram, Kovalam Beach BO",+91 70415 82232,https://www.shreeharisolar.com/,4.8,69.0,"second Floor, Plot No. 6, opp. Avalon Business Hub, nr. Samast patidar samaj wadi, Aamba Talavadi, Haridarshan Society, Katargam, Surat, Gujarat 395004","Aamba Talavadi, Haridarshan Society, Katargam",21.2350717,72.823771,ChIJEe38BA5P4DsR_UsthYOJDbI,https://www.google.com/maps/place/?q=place_id:ChIJEe38BA5P4DsR_UsthYOJDbI,part_311,2026-09-20 20:38:45,34971
Exide Care - Sivaram Technologies,Solar Rooftop and Inverter Dealer,Solar Energy Company,"Solar Energy Company, Battery Manufacturer, Battery Store, Battery Wholesaler, Electronics manufacturer, Car battery store",695541,Kerala Circle,Trivandrum HQ Region,Trivandrum South Division,"Nedumangad SO, Anad BO, Chullimanoor BO",+91 94471 46201,https://stores.exidecare.com/exide-care-sivaram-technologies-battery-store-nedumangad-nedumangad-255114/Home?utm_source=locator&utm_medium=googleplaces,5.0,8.0,"Muthumariyamman Kovil, Pazhavadi, Nedumangad, Keralam 695541",Pazhavadi,8.608461799999999,77.00241419999999,ChIJ23e3nHS5BTsRJlWjo9mCDrA,https://www.google.com/maps/place/?q=place_id:ChIJ23e3nHS5BTsRJlWjo9mCDrA,part_311,2026-09-20 20:40:24,36949
Solar energy inverter battery solar panel supplier,Solar Rooftop and Inverter Dealer,Solar energy equipment supplier,Solar energy equipment supplier,695563,Kerala Circle,Trivandrum HQ Region,Trivandrum South Division,"Peringamala SO, Daivapura BO, Idinjar BO",+91 788 056 9383,https://www.youtube.com/@solarenergy12399,4.9,61.0,"Akbarpur - Baskhari Rd, near RTO office, Patel Nagar, Akbarpur, Uttar Pradesh 224122",Patel Nagar,26.4395955,82.5803983,ChIJGZSzjDCTkDkRNISLheKeLoc,https://www.google.com/maps/place/?q=place_id:ChIJGZSzjDCTkDkRNISLheKeLoc,part_311,2026-09-20 20:45:41,42095
V-Stab,Solar Rooftop and Inverter Dealer,Solar energy equipment supplier,"Solar energy equipment supplier, Electronics Company, Electronics manufacturer",695564,Kerala Circle,Trivandrum HQ Region,Trivandrum South Division,"Karakulam SO, Aruvikara BO, Chekkakonam BO",+91 80752 21650,https://v-stab.com/,4.9,,"Bus Stop, Mannamoola, Thiruvananthapuram, Keralam 695005",Mannammoola,8.5309525,76.9763804,ChIJB_kPoyW5BTsRZeozamLSiNY,https://www.google.com/maps/place/?q=place_id:ChIJB_kPoyW5BTsRZeozamLSiNY,part_311,2026-09-20 20:46:24,42565
ACTIVE SOLAR SOLUTION,Solar Rooftop and Inverter Dealer,Solar Energy Company,Solar Energy Company,695570,Kerala Circle,Trivandrum HQ Region,Trivandrum South Division,Machel SO,+91 99889 46466,http://www.instagram.com/activesolarsolution/,5.0,,"Div Colony, Industrial Area, Jalandhar, Punjab 144008","Div Colony, Industrial Area",31.350414299999997,75.6063302,ChIJlcDcPwBbGjkRnXCrkk21Eo4,https://www.google.com/maps/place/?q=place_id:ChIJlcDcPwBbGjkRnXCrkk21Eo4,part_311,2026-09-20 20:47:48,44138
Solar India,Solar Rooftop and Inverter Dealer,Solar Energy Company,Solar Energy Company,695570,Kerala Circle,Trivandrum HQ Region,Trivandrum South Division,Machel SO,+91 70095 88312,https://www.solarindia.info/,5.0,,"Shop 2, chownk, near vijay resort, Maqsudan, Jalandhar, Punjab 144008",Maqsudan,31.360170099999998,75.5552271,ChIJrZMk8ZtbGjkRBpxOb6E14lI,https://www.google.com/maps/place/?q=place_id:ChIJrZMk8ZtbGjkRBpxOb6E14lI,part_311,2026-09-20 20:47:48,44139
Brite Solar Systems,Solar Rooftop and Inverter Dealer,Solar Energy Company,Solar Energy Company,695570,Kerala Circle,Trivandrum HQ Region,Trivandrum South Division,Machel SO,+91 79979 92987,https://britesolarsystems.in/,5.0,,"H, Ground floor, Soma Sunder Nagar, near Red Building, Bagh Amberpet, Hyderabad, Telangana 500013","Bagh Amberpet, Amberpet",17.398422999999998,78.5188415,ChIJkRhuWj-ZyzsR34l1xWDEHak,https://www.google.com/maps/place/?q=place_id:ChIJkRhuWj-ZyzsR34l1xWDEHak,part_311,2026-09-20 20:47:48,44140
Sun Power Company,Solar Rooftop and Inverter Dealer,Solar Energy Company,Solar Energy Company,695570,Kerala Circle,Trivandrum HQ Region,Trivandrum South Division,Machel SO,+91 98183 72010,N/A,4.8,,"office no.- 10 first floor, Sector -7, Chiranjiv Vihar, Shastri Nagar, Ghaziabad, Uttar Pradesh 201002","Sector -7, Chiranjiv Vihar, Shastri Nagar",28.6712016,77.4737066,ChIJI3oBn5fzDDkRDSV7zVhKQng,https://www.google.com/maps/place/?q=place_id:ChIJI3oBn5fzDDkRDSV7zVhKQng,part_311,2026-09-20 20:47:48,44141
G D A Solar Pvt Ltd,Solar Rooftop and Inverter Dealer,Solar Energy Company,Solar Energy Company,695570,Kerala Circle,Trivandrum HQ Region,Trivandrum South Division,Machel SO,+91 79994 41512,N/A,3.9,80.0,"Kaushal Sonkar Complex, Road, Bhatagaon, Kathadih, Raipur, Chhattisgarh 492013",Bhatagaon,21.2061034,81.6153753,ChIJM_4JqVvdKDoRU9TxhV2INSM,https://www.google.com/maps/place/?q=place_id:ChIJM_4JqVvdKDoRU9TxhV2INSM,part_311,2026-09-20 20:47:50,44142
El Sol Power Solutions Pvt Ltd,Solar Rooftop and Inverter Dealer,Solar Energy Company,"Solar Energy Company, Solar energy equipment supplier, Solar photovoltaic power plant",695573,Kerala Circle,Trivandrum HQ Region,Trivandrum South Division,"Peyad SO, Moongode BO, Perukavu BO",+91 79022 22878,http://www.elsol.co.in/,4.9,1064.0,"Mathumoola, Changanassery, Kerala 686103",Mathumoola,9.4590962,76.533621,ChIJqSMjvB0mBjsRRYrTipLV7G8,https://www.google.com/maps/place/?q=place_id:ChIJqSMjvB0mBjsRRYrTipLV7G8,part_311,2026-09-20 20:49:54,46356
Nanjil Solar,Solar Rooftop and Inverter Dealer,Solar energy equipment supplier,"Solar energy equipment supplier, Battery Wholesaler, Solar Energy Company, Solar energy system service, Solar hot water system supplier, Solar panel maintenance service",695575,Kerala Circle,Trivandrum HQ Region,Trivandrum South Division,"Poovachal SO, Panniyode BO, Punalal BO",+91 99445 07335,https://nanjilsolar.in/,5.0,114.0,"Hindu College Rd, Chetti Kulam, Jn, Nagercoil, Tamil Nadu 629002","Chetti Kulam, Jn",8.1744992,77.4317513,ChIJAW_zQMlUBDsRvKMReroFGWc,https://www.google.com/maps/place/?q=place_id:ChIJAW_zQMlUBDsRvKMReroFGWc,part_311,2026-09-20 20:51:18,46797
ILLUMINE Energy Pvt Ltd,Solar Rooftop and Inverter Dealer,Solar Energy Company,"Solar Energy Company, Battery Store, Battery Wholesaler, Electric utility company, Electric vehicle charging station contractor, Engineering consultant, Mitsubishi dealer, Solar energy system service, Solar energy equipment supplier, Solar photovoltaic power plant",695581,Kerala Circle,Trivandrum HQ Region,Trivandrum North Division,"Karyavattom SO, Pangappara BO, Thundathil BO",+91 484 255 7377,http://www.illumineenergy.com/,4.7,245.0,"S N Building, Koonamthai Pathadipalam Residence Association Block A, Koonamthai, Edappally, Kochi, Ernakulam, Keralam 682024","Koonamthai Pathadipalam Residence Association Block A, Koonamthai, Edappally",10.0334235,76.313374,ChIJiTU1N6wNCDsRxpvijp-XwP4,https://www.google.com/maps/place/?q=place_id:ChIJiTU1N6wNCDsRxpvijp-XwP4,part_311,2026-09-20 20:51:58,47632
Solar Rooftop Power Plant,Solar Rooftop and Inverter Dealer,Solar energy equipment supplier,"Solar energy equipment supplier, Appliance store, Electronics store, Solar hot water system supplier",695581,Kerala Circle,Trivandrum HQ Region,Trivandrum North Division,"Karyavattom SO, Pangappara BO, Thundathil BO",+91 4829 283 160,http://www.solarinverterkerala.com/,5.0,3.0,"Murickens Group, Kappumthala Rd, Kaduthuruthy, Keralam 686604",695581,9.7656894,76.492839,ChIJAQAAALTXBzsR-e45BnBy0kQ,https://www.google.com/maps/place/?q=place_id:ChIJAQAAALTXBzsR-e45BnBy0kQ,part_311,2026-09-20 20:51:58,47633
Idols- Power The Future,Solar Rooftop and Inverter Dealer,Solar Energy Company,"Solar Energy Company, Electronics manufacturer",695581,Kerala Circle,Trivandrum HQ Region,Trivandrum North Division,"Karyavattom SO, Pangappara BO, Thundathil BO",+91 94471 55469,http://www.idolspower.com/,5.0,62.0,"Church Rd, opposite copy tech india, Chambakkara, Maradu North, Maradu, Ernakulam, Kochi, Keralam 682304","Chambakkara, Maradu North, Maradu",9.953272499999999,76.3249464,ChIJ1YJl_G1zCDsRLPLc8R8V1II,https://www.google.com/maps/place/?q=place_id:ChIJ1YJl_G1zCDsRLPLc8R8V1II,part_311,2026-09-20 20:51:58,47634
Axis Power,Solar Rooftop and Inverter Dealer,Solar energy equipment supplier,"Solar energy equipment supplier, Supplier",695581,Kerala Circle,Trivandrum HQ Region,Trivandrum North Division,"Karyavattom SO, Pangappara BO, Thundathil BO",+91 96458 00051,http://www.axispower.in/,5.0,,"JUNCTION, Kottaram Rd, East Nadakkave, Nadakkave, Kozhikode, Keralam 673006","East Nadakkave, Nadakkave",11.2714982,75.7786871,ChIJDbLXYYhfpjsR-F03GyijFcM,https://www.google.com/maps/place/?q=place_id:ChIJDbLXYYhfpjsR-F03GyijFcM,part_311,2026-09-20 20:51:59,47635
Kiah Energies,Solar Rooftop and Inverter Dealer,Solar Energy Company,"Solar Energy Company, Solar energy system service, Solar energy equipment supplier, Solar hot water system supplier, Solar panel maintenance service, Solar photovoltaic power plant",695581,Kerala Circle,Trivandrum HQ Region,Trivandrum North Division,"Karyavattom SO, Pangappara BO, Thundathil BO",+91 94000 13555,http://www.kiahenergies.com/,4.9,,"Near old passports office, Cda Colony Rd, Eranhipaalam, Kozhikode, Keralam 673006",Eranhipaalam,11.2756831,75.7838642,ChIJm1xHhvVfpjsRY8WMZyd4XTA,https://www.google.com/maps/place/?q=place_id:ChIJm1xHhvVfpjsRY8WMZyd4XTA,part_311,2026-09-20 20:51:59,47636
GSL Energy Solutions Pvt. Ltd,Solar Rooftop and Inverter Dealer,Solar Energy Company,Solar Energy Company,695581,Kerala Circle,Trivandrum HQ Region,Trivandrum North Division,"Karyavattom SO, Pangappara BO, Thundathil BO",+91 484 293 3055,http://www.gslenergy.in/,4.7,,"Karippai Rd, near Rajagiri Post Office, South Kalamassery, Kalamassery, Kochi, Keralam 683104","South Kalamassery, Kalamassery",10.0534689,76.3144138,ChIJAde2zcoNCDsRE7QEHKARu_I,https://www.google.com/maps/place/?q=place_id:ChIJAde2zcoNCDsRE7QEHKARu_I,part_311,2026-09-20 20:51:59,47637
kalappurackal Agencies,Solar Rooftop and Inverter Dealer,Solar energy equipment supplier,"Solar energy equipment supplier, Electronics manufacturer",695581,Kerala Circle,Trivandrum HQ Region,Trivandrum North Division,"Karyavattom SO, Pangappara BO, Thundathil BO",+91 81130 48608,N/A,4.7,,"Near Karippuzha Bridge Kanichanalloor, Muttom, Haripad, Keralam 690511",Karipuzha,9.2518645,76.5038706,ChIJeR2YtWMfBjsRVJsVsOC6ZsE,https://www.google.com/maps/place/?q=place_id:ChIJeR2YtWMfBjsRVJsVsOC6ZsE,part_311,2026-09-20 20:51:59,47638
E-Sat Power Hub,Solar Rooftop and Inverter Dealer,Solar energy equipment supplier,Solar energy equipment supplier,695581,Kerala Circle,Trivandrum HQ Region,Trivandrum North Division,"Karyavattom SO, Pangappara BO, Thundathil BO",+91 79071 11549,https://esatpowerhub.com/,5.0,,"Vettikattu Parambu Road, Toll Junction, Nethaji Nagar, Edappally, Ernakulam, Keralam 682024","Toll Junction, Nethaji Nagar, Edappally",10.0301318,76.3090782,ChIJ6QaYbFoNCDsRrBUw6uL1kIw,https://www.google.com/maps/place/?q=place_id:ChIJ6QaYbFoNCDsRrBUw6uL1kIw,part_311,2026-09-20 20:51:59,47639
Sungrip Solar Solution,Solar Rooftop and Inverter Dealer,Solar Energy Company,Solar Energy Company,695581,Kerala Circle,Trivandrum HQ Region,Trivandrum North Division,"Karyavattom SO, Pangappara BO, Thundathil BO",+91 95372 77152,https://sungripsolarsolution.com/,5.0,,"Murli Manohar Park, Plot No 10, Kalavad Rd, Lodhika GIDC, GIDC, Metoda, Rajkot, Gujarat 360021","Lodhika GIDC, GIDC, Metoda",22.2442909,70.6652993,ChIJY2hvIrnNWTkRM_8Vu-sTrP4,https://www.google.com/maps/place/?q=place_id:ChIJY2hvIrnNWTkRM_8Vu-sTrP4,part_311,2026-09-20 20:51:59,47640
Shiva Sakthi Solar / Loom Solar Chennai Distributor & Dealer.,Solar Rooftop and Inverter Dealer,Solar Energy Company,"Solar Energy Company, Solar energy system service, Solar energy equipment supplier, Solar photovoltaic power plant",695583,Kerala Circle,Trivandrum HQ Region,Trivandrum North Division,"Kulathur SO Thiruvananthapuram, Karimanal BO",+91 72002 62046,https://shivasakthisolar.in/,5.0,74.0,"4, Gowthaman St, Pasumpon Nagar Extension, Pasumpon Nagar, Pammal, Polichalur, Tamil Nadu 600075","Pasumpon Nagar Extension, Pasumpon Nagar, Pammal",12.979532899999999,80.1360785,ChIJK21bD49fUjoRdvC724_0Brw,https://www.google.com/maps/place/?q=place_id:ChIJK21bD49fUjoRdvC724_0Brw,part_311,2026-09-20 20:53:22,49233
Voltex Energy Conversions,Solar Rooftop and Inverter Dealer,Electronics manufacturer,Electronics manufacturer,695583,Kerala Circle,Trivandrum HQ Region,Trivandrum North Division,"Kulathur SO Thiruvananthapuram, Karimanal BO",N/A,http://voltexenergy.in/,5.0,2.0,"IX/174, RS ROAD, opp. St. Xavier's Church, Pullur, Irinjalakuda, Keralam 680683",Pullur,10.3444187,76.2496914,ChIJ15V3uiz3pzsR5qLbvGwZqNg,https://www.google.com/maps/place/?q=place_id:ChIJ15V3uiz3pzsR5qLbvGwZqNg,part_311,2026-09-20 20:53:22,49234
Gemini Solariss,Solar Rooftop and Inverter Dealer,Solar Energy Company,"Solar Energy Company, Environment renewable natural resources, Green energy supplier, Solar energy system service, Solar photovoltaic power plant",695583,Kerala Circle,Trivandrum HQ Region,Trivandrum North Division,"Kulathur SO Thiruvananthapuram, Karimanal BO",+91 79099 69999,https://geminisolaris.com/,4.8,97.0,"I Floor, Velu's Tectum, East Coast Rd, above Chennai Mobiles, Teachers Colony, Injambakkam, Chennai, Tamil Nadu 600115","Teachers Colony, Injambakkam",12.940101799999999,80.2530061,ChIJY_LuihJdUjoR1HjnFq__VR4,https://www.google.com/maps/place/?q=place_id:ChIJY_LuihJdUjoR1HjnFq__VR4,part_311,2026-09-20 20:53:22,49235
One Step Solar,Solar Rooftop and Inverter Dealer,Solar Energy Company,Solar Energy Company,695583,Kerala Circle,Trivandrum HQ Region,Trivandrum North Division,"Kulathur SO Thiruvananthapuram, Karimanal BO",+91 63748 69295,http://www.onestepsolar.in/,4.9,61.0,"92, Avadi Rd, Govardanagiri, Avadi, Tamil Nadu 600071",Govardanagiri,13.099715,80.1084149,ChIJe5UYFZpjUjoRQhagyNuN4-0,https://www.google.com/maps/place/?q=place_id:ChIJe5UYFZpjUjoRQhagyNuN4-0,part_311,2026-09-20 20:53:22,49236
